Linux 5.4.0-42-generic (terumi-pc) 	10/15/2020 	_x86_64_	(8 CPU)

09:58:39 PM   UID       PID    %usr %system  %guest   %wait    %CPU   CPU  Command
09:58:40 PM  1000      1535    0,00    0,00    0,00    0,00    0,00     5  java
09:58:41 PM  1000      1535    0,00    0,00    0,00    0,00    0,00     5  java
09:58:42 PM  1000      1535   44,00    2,00    0,00    0,00   46,00     5  java
09:58:43 PM  1000      1535   50,00    2,00    0,00    0,00   52,00     5  java
09:58:44 PM  1000      1535   66,00    5,00    0,00    0,00   71,00     5  java
09:58:45 PM  1000      1535   37,00    3,00    0,00    0,00   40,00     5  java
09:58:46 PM  1000      1535   49,00    4,00    0,00    0,00   53,00     5  java
09:58:47 PM  1000      1535   60,00    5,00    0,00    0,00   65,00     5  java
09:58:48 PM  1000      1535  107,00    3,00    0,00    0,00  110,00     5  java
09:58:49 PM  1000      1535   63,00    5,00    0,00    0,00   68,00     5  java
09:58:50 PM  1000      1535   68,00    4,00    0,00    0,00   72,00     5  java
09:58:51 PM  1000      1535   47,00    6,00    0,00    0,00   53,00     5  java
09:58:52 PM  1000      1535   35,00    5,00    0,00    0,00   40,00     5  java
09:58:53 PM  1000      1535    1,00    0,00    0,00    0,00    1,00     5  java
09:58:54 PM  1000      1535    0,00    0,00    0,00    0,00    0,00     5  java
Average:     1000      1535   41,80    2,93    0,00    0,00   44,73     -  java
