Linux 5.4.0-42-generic (terumi-pc) 	10/15/2020 	_x86_64_	(8 CPU)

10:02:55 PM   UID       PID    %usr %system  %guest   %wait    %CPU   CPU  Command
10:02:56 PM  1000      1535    0,00    0,00    0,00    0,00    0,00     5  java
10:02:57 PM  1000      1535    0,00    0,00    0,00    0,00    0,00     5  java
10:02:58 PM  1000      1535   22,00    3,00    0,00    0,00   25,00     5  java
10:02:59 PM  1000      1535   27,00    2,00    0,00    0,00   29,00     5  java
10:03:00 PM  1000      1535   38,00    2,00    0,00    0,00   40,00     5  java
10:03:01 PM  1000      1535   22,00    1,00    0,00    0,00   23,00     5  java
10:03:02 PM  1000      1535   38,00    3,00    0,00    0,00   41,00     5  java
10:03:03 PM  1000      1535   42,00    4,00    0,00    0,00   46,00     5  java
10:03:04 PM  1000      1535   38,00    3,00    0,00    0,00   41,00     5  java
10:03:05 PM  1000      1535   40,00    6,00    0,00    0,00   46,00     5  java
10:03:06 PM  1000      1535   83,00    4,00    0,00    0,00   87,00     5  java
10:03:07 PM  1000      1535   26,00    2,00    0,00    0,00   28,00     5  java
10:03:08 PM  1000      1535    0,00    0,00    0,00    0,00    0,00     5  java
10:03:09 PM  1000      1535    1,00    0,00    0,00    0,00    1,00     5  java
10:03:10 PM  1000      1535    0,00    0,00    0,00    0,00    0,00     5  java
Average:     1000      1535   25,13    2,00    0,00    0,00   27,13     -  java
