Linux 5.4.0-42-generic (terumi-pc) 	10/15/2020 	_x86_64_	(8 CPU)

09:57:48 PM   UID       PID    %usr %system  %guest   %wait    %CPU   CPU  Command
09:57:49 PM  1000      1535    0,00    0,00    0,00    0,00    0,00     5  java
09:57:50 PM  1000      1535    0,00    0,00    0,00    0,00    0,00     5  java
09:57:51 PM  1000      1535   54,00    5,00    0,00    0,00   59,00     5  java
09:57:52 PM  1000      1535   56,00    4,00    0,00    0,00   60,00     5  java
09:57:53 PM  1000      1535   56,00    1,00    0,00    0,00   57,00     5  java
09:57:54 PM  1000      1535   30,00    3,00    0,00    0,00   33,00     5  java
09:57:55 PM  1000      1535   62,00    4,00    0,00    0,00   66,00     5  java
09:57:56 PM  1000      1535   81,00    7,00    0,00    0,00   88,00     5  java
09:57:57 PM  1000      1535   78,00    5,00    0,00    0,00   83,00     5  java
09:57:58 PM  1000      1535   57,00    5,00    0,00    0,00   62,00     5  java
09:57:59 PM  1000      1535   94,00    5,00    0,00    0,00   99,00     5  java
09:58:00 PM  1000      1535  142,00    6,00    0,00    0,00  148,00     5  java
09:58:01 PM  1000      1535   97,00    5,00    0,00    0,00  102,00     5  java
09:58:02 PM  1000      1535    2,00    0,00    0,00    0,00    2,00     5  java
09:58:03 PM  1000      1535    0,00    0,00    0,00    0,00    0,00     5  java
Average:     1000      1535   53,90    3,33    0,00    0,00   57,23     -  java
