Linux 5.4.0-42-generic (terumi-pc) 	10/15/2020 	_x86_64_	(8 CPU)

09:56:56 PM   UID       PID    %usr %system  %guest   %wait    %CPU   CPU  Command
09:56:57 PM  1000      1535    3,00    0,00    0,00    0,00    3,00     5  java
09:56:58 PM  1000      1535    0,00    0,00    0,00    0,00    0,00     5  java
09:56:59 PM  1000      1535   66,00    4,00    0,00    0,00   70,00     5  java
09:57:00 PM  1000      1535   43,00    4,00    0,00    0,00   47,00     5  java
09:57:01 PM  1000      1535   77,00    3,00    0,00    0,00   80,00     5  java
09:57:02 PM  1000      1535   40,00    5,00    0,00    0,00   45,00     5  java
09:57:03 PM  1000      1535  103,00    6,00    0,00    0,00  109,00     5  java
09:57:04 PM  1000      1535   49,00    4,00    0,00    0,00   53,00     5  java
09:57:05 PM  1000      1535   44,00    3,00    0,00    0,00   47,00     5  java
09:57:06 PM  1000      1535  113,00    5,00    0,00    0,00  118,00     5  java
09:57:07 PM  1000      1535  200,00    6,00    0,00    0,00  206,00     5  java
09:57:08 PM  1000      1535  171,00    4,00    0,00    0,00  175,00     5  java
09:57:09 PM  1000      1535   70,30    1,98    0,00    0,00   72,28     5  java
09:57:10 PM  1000      1535    0,00    0,00    0,00    0,00    0,00     5  java
09:57:11 PM  1000      1535    1,00    0,00    0,00    0,00    1,00     5  java
Average:     1000      1535   65,36    3,06    0,00    0,00   68,42     -  java
