Linux 5.4.0-42-generic (terumi-pc) 	10/15/2020 	_x86_64_	(8 CPU)

10:07:09 PM   UID       PID    %usr %system  %guest   %wait    %CPU   CPU  Command
10:07:10 PM  1000      1535    0,00    0,00    0,00    0,00    0,00     5  java
10:07:11 PM  1000      1535    1,00    0,00    0,00    0,00    1,00     5  java
10:07:12 PM  1000      1535   19,00    3,00    0,00    0,00   22,00     5  java
10:07:13 PM  1000      1535   30,00    4,00    0,00    0,00   34,00     5  java
10:07:14 PM  1000      1535   32,00    4,00    0,00    0,00   36,00     5  java
10:07:15 PM  1000      1535   23,00    2,00    0,00    0,00   25,00     5  java
10:07:16 PM  1000      1535   28,00    4,00    0,00    0,00   32,00     5  java
10:07:17 PM  1000      1535   36,00    3,00    0,00    0,00   39,00     5  java
10:07:18 PM  1000      1535   34,00    5,00    0,00    0,00   39,00     5  java
10:07:19 PM  1000      1535   35,00    4,00    0,00    0,00   39,00     5  java
10:07:20 PM  1000      1535   51,00    3,00    0,00    0,00   54,00     5  java
10:07:21 PM  1000      1535   45,00    5,00    0,00    0,00   50,00     5  java
10:07:22 PM  1000      1535   30,00    2,00    0,00    0,00   32,00     5  java
10:07:23 PM  1000      1535    1,00    0,00    0,00    0,00    1,00     5  java
10:07:24 PM  1000      1535    0,00    0,00    0,00    0,00    0,00     5  java
Average:     1000      1535   24,33    2,60    0,00    0,00   26,93     -  java
