Linux 5.4.0-42-generic (terumi-pc) 	10/15/2020 	_x86_64_	(8 CPU)

10:02:07 PM   UID       PID    %usr %system  %guest   %wait    %CPU   CPU  Command
10:02:08 PM  1000      1535    0,00    0,00    0,00    0,00    0,00     5  java
10:02:09 PM  1000      1535    0,00    0,00    0,00    0,00    0,00     5  java
10:02:10 PM  1000      1535   21,00    2,00    0,00    0,00   23,00     5  java
10:02:11 PM  1000      1535   38,00    4,00    0,00    0,00   42,00     5  java
10:02:12 PM  1000      1535   24,00    2,00    0,00    0,00   26,00     5  java
10:02:13 PM  1000      1535   22,00    5,00    0,00    0,00   27,00     5  java
10:02:14 PM  1000      1535   33,00    3,00    0,00    0,00   36,00     5  java
10:02:15 PM  1000      1535   42,00    4,00    0,00    0,00   46,00     5  java
10:02:16 PM  1000      1535   27,00    2,00    0,00    0,00   29,00     5  java
10:02:17 PM  1000      1535   27,00    3,00    0,00    0,00   30,00     5  java
10:02:18 PM  1000      1535   80,00    3,00    0,00    0,00   83,00     5  java
10:02:19 PM  1000      1535   38,00    5,00    0,00    0,00   43,00     5  java
10:02:20 PM  1000      1535   21,00    2,00    0,00    0,00   23,00     5  java
10:02:21 PM  1000      1535    1,00    0,00    0,00    0,00    1,00     5  java
10:02:22 PM  1000      1535    1,00    0,00    0,00    0,00    1,00     5  java
Average:     1000      1535   25,00    2,33    0,00    0,00   27,33     -  java
