Linux 5.4.0-42-generic (terumi-pc) 	10/15/2020 	_x86_64_	(8 CPU)

10:05:57 PM   UID       PID    %usr %system  %guest   %wait    %CPU   CPU  Command
10:05:58 PM  1000      1535    1,00    0,00    0,00    0,00    1,00     5  java
10:05:59 PM  1000      1535    0,00    0,00    0,00    0,00    0,00     5  java
10:06:00 PM  1000      1535   17,00    3,00    0,00    0,00   20,00     5  java
10:06:01 PM  1000      1535   41,00    2,00    0,00    0,00   43,00     5  java
10:06:02 PM  1000      1535   50,00    8,00    0,00    0,00   58,00     5  java
10:06:03 PM  1000      1535   29,00    4,00    0,00    0,00   33,00     5  java
10:06:04 PM  1000      1535   56,00    5,00    0,00    0,00   61,00     5  java
10:06:05 PM  1000      1535   40,00    5,00    0,00    0,00   45,00     5  java
10:06:06 PM  1000      1535   19,00    4,00    0,00    0,00   23,00     5  java
10:06:07 PM  1000      1535   33,00    3,00    0,00    0,00   36,00     5  java
10:06:08 PM  1000      1535   37,00    4,00    0,00    0,00   41,00     5  java
10:06:09 PM  1000      1535   22,77    4,95    0,00    0,00   27,72     5  java
10:06:10 PM  1000      1535   58,00    2,00    0,00    0,00   60,00     5  java
10:06:11 PM  1000      1535    1,00    0,00    0,00    0,00    1,00     5  java
10:06:12 PM  1000      1535    0,00    0,00    0,00    0,00    0,00     5  java
Average:     1000      1535   26,98    3,00    0,00    0,00   29,98     -  java
