Linux 5.4.0-42-generic (terumi-pc) 	10/15/2020 	_x86_64_	(8 CPU)

10:04:06 PM   UID       PID    %usr %system  %guest   %wait    %CPU   CPU  Command
10:04:07 PM  1000      1535    1,00    0,00    0,00    0,00    1,00     5  java
10:04:08 PM  1000      1535    1,00    0,00    0,00    0,00    1,00     5  java
10:04:09 PM  1000      1535   20,00    4,00    0,00    0,00   24,00     5  java
10:04:10 PM  1000      1535   35,00    5,00    0,00    0,00   40,00     5  java
10:04:11 PM  1000      1535   12,00    3,00    0,00    0,00   15,00     5  java
10:04:12 PM  1000      1535   39,00    5,00    0,00    0,00   44,00     5  java
10:04:13 PM  1000      1535   48,00    4,00    0,00    0,00   52,00     5  java
10:04:14 PM  1000      1535   62,00    7,00    0,00    0,00   69,00     5  java
10:04:15 PM  1000      1535   58,00    5,00    0,00    0,00   63,00     5  java
10:04:16 PM  1000      1535   35,00    6,00    0,00    0,00   41,00     5  java
10:04:17 PM  1000      1535   46,00    5,00    0,00    0,00   51,00     5  java
10:04:18 PM  1000      1535   95,00    4,00    0,00    0,00   99,00     5  java
10:04:19 PM  1000      1535   29,00    5,00    0,00    0,00   34,00     5  java
10:04:20 PM  1000      1535    0,00    0,00    0,00    0,00    0,00     5  java
10:04:21 PM  1000      1535    0,00    0,00    0,00    0,00    0,00     5  java
Average:     1000      1535   32,07    3,53    0,00    0,00   35,60     -  java
