Linux 5.4.0-42-generic (terumi-pc) 	10/15/2020 	_x86_64_	(8 CPU)

10:04:58 PM   UID       PID    %usr %system  %guest   %wait    %CPU   CPU  Command
10:04:59 PM  1000      1535    0,00    0,00    0,00    0,00    0,00     5  java
10:05:00 PM  1000      1535    0,00    0,00    0,00    0,00    0,00     5  java
10:05:01 PM  1000      1535   19,00    4,00    0,00    0,00   23,00     5  java
10:05:02 PM  1000      1535   31,00    3,00    0,00    0,00   34,00     5  java
10:05:03 PM  1000      1535   31,00    0,00    0,00    0,00   31,00     5  java
10:05:04 PM  1000      1535   22,00    4,00    0,00    0,00   26,00     5  java
10:05:05 PM  1000      1535   27,00    2,00    0,00    0,00   29,00     5  java
10:05:06 PM  1000      1535   46,00    7,00    0,00    0,00   53,00     5  java
10:05:07 PM  1000      1535   22,00    3,00    0,00    0,00   25,00     5  java
10:05:08 PM  1000      1535   30,00    1,00    0,00    0,00   31,00     5  java
10:05:09 PM  1000      1535   61,00    4,00    0,00    0,00   65,00     5  java
10:05:10 PM  1000      1535   21,00    3,00    0,00    0,00   24,00     5  java
10:05:11 PM  1000      1535    0,00    0,00    0,00    0,00    0,00     5  java
10:05:12 PM  1000      1535    1,00    0,00    0,00    0,00    1,00     5  java
10:05:13 PM  1000      1535    0,00    0,00    0,00    0,00    0,00     5  java
Average:     1000      1535   20,72    2,07    0,00    0,00   22,78     -  java
