Linux 5.4.0-42-generic (terumi-pc) 	10/15/2020 	_x86_64_	(8 CPU)

10:10:12 PM   UID       PID    %usr %system  %guest   %wait    %CPU   CPU  Command
10:10:13 PM  1000      1535    0,99    0,00    0,00    0,00    0,99     5  java
10:10:14 PM  1000      1535    0,00    0,00    0,00    0,00    0,00     5  java
10:10:15 PM  1000      1535   22,00    2,00    0,00    0,00   24,00     5  java
10:10:16 PM  1000      1535    6,00    0,00    0,00    0,00    6,00     5  java
10:10:17 PM  1000      1535   67,00    2,00    0,00    0,00   69,00     5  java
10:10:18 PM  1000      1535   48,00    6,00    0,00    0,00   54,00     5  java
10:10:19 PM  1000      1535   26,00    4,00    0,00    0,00   30,00     5  java
10:10:20 PM  1000      1535   45,00    6,00    0,00    0,00   51,00     5  java
10:10:21 PM  1000      1535   42,00    3,00    0,00    0,00   45,00     5  java
10:10:22 PM  1000      1535   34,00    6,00    0,00    0,00   40,00     5  java
10:10:23 PM  1000      1535   57,00    6,00    0,00    0,00   63,00     5  java
10:10:24 PM  1000      1535   56,00    8,00    0,00    0,00   64,00     5  java
10:10:25 PM  1000      1535   40,00    2,00    0,00    0,00   42,00     5  java
10:10:26 PM  1000      1535    0,00    0,00    0,00    0,00    0,00     5  java
10:10:27 PM  1000      1535    0,00    1,00    0,00    0,00    1,00     5  java
Average:     1000      1535   29,58    3,06    0,00    0,00   32,64     -  java
