Linux 5.4.0-42-generic (terumi-pc) 	10/15/2020 	_x86_64_	(8 CPU)

06:57:54 PM   UID       PID  minflt/s  majflt/s     VSZ     RSS   %MEM  Command
06:57:55 PM  1000      1548      0,00      0,00 1727124  586600   7,30  java
06:57:56 PM  1000      1548      0,00      0,00 1727124  586600   7,30  java
06:57:57 PM  1000      1548    327,00      0,00 1727124  587036   7,31  java
06:57:58 PM  1000      1548    123,00      0,00 1727124  587340   7,31  java
06:57:59 PM  1000      1548     90,00      0,00 1727124  587584   7,31  java
06:58:00 PM  1000      1548     46,00      0,00 1727124  587668   7,31  java
06:58:01 PM  1000      1548     27,00      0,00 1727124  587748   7,31  java
06:58:02 PM  1000      1548     57,00      0,00 1727124  588016   7,32  java
06:58:03 PM  1000      1548    191,00      0,00 1727124  588540   7,32  java
06:58:04 PM  1000      1548    293,00      0,00 1729172  589992   7,34  java
06:58:05 PM  1000      1548     73,00      0,00 1729172  590208   7,34  java
06:58:06 PM  1000      1548     11,00      0,00 1729172  590208   7,34  java
06:58:07 PM  1000      1548     17,00      0,00 1729172  590356   7,35  java
06:58:08 PM  1000      1548      2,00      0,00 1729172  590356   7,35  java
06:58:09 PM  1000      1548      0,00      0,00 1729172  590356   7,35  java
Average:     1000      1548     83,80      0,00 1727943  588574   7,32  java
