Linux 5.4.0-42-generic (terumi-pc) 	10/15/2020 	_x86_64_	(8 CPU)

06:56:20 PM   UID       PID  minflt/s  majflt/s     VSZ     RSS   %MEM  Command
06:56:21 PM  1000      1548      0,00      0,00 1725076  580664   7,23  java
06:56:22 PM  1000      1548      0,00      0,00 1725076  580664   7,23  java
06:56:23 PM  1000      1548    229,00      0,00 1725076  581192   7,23  java
06:56:24 PM  1000      1548    144,00      0,00 1727124  581792   7,24  java
06:56:25 PM  1000      1548    193,00      0,00 1727124  582488   7,25  java
06:56:26 PM  1000      1548    180,00      0,00 1727124  583276   7,26  java
06:56:27 PM  1000      1548    131,00      0,00 1727124  583752   7,26  java
06:56:28 PM  1000      1548    121,00      0,00 1727124  584248   7,27  java
06:56:29 PM  1000      1548    155,00      0,00 1727124  585048   7,28  java
06:56:30 PM  1000      1548     58,00      0,00 1727124  585296   7,28  java
06:56:31 PM  1000      1548    135,00      0,00 1727124  585832   7,29  java
06:56:32 PM  1000      1548    201,00      0,00 1727124  586524   7,30  java
06:56:33 PM  1000      1548      3,00      0,00 1727124  586532   7,30  java
06:56:34 PM  1000      1548      1,00      0,00 1727124  586532   7,30  java
06:56:35 PM  1000      1548      0,00      0,00 1727124  586532   7,30  java
Average:     1000      1548    103,40      0,00 1726714  584025   7,27  java
