Linux 5.4.0-42-generic (terumi-pc) 	10/15/2020 	_x86_64_	(8 CPU)

07:07:34 PM   UID       PID  minflt/s  majflt/s     VSZ     RSS   %MEM  Command
07:07:35 PM  1000      1548      0,00      0,00 1729172  599000   7,45  java
07:07:36 PM  1000      1548      4,00      0,00 1729172  599072   7,45  java
07:07:37 PM  1000      1548      7,00      0,00 1729172  599072   7,45  java
07:07:38 PM  1000      1548      5,00      0,00 1729172  599080   7,46  java
07:07:39 PM  1000      1548      4,00      0,00 1729172  599080   7,46  java
07:07:40 PM  1000      1548      4,00      0,00 1729172  599136   7,46  java
07:07:41 PM  1000      1548      6,00      0,00 1729172  599136   7,46  java
07:07:42 PM  1000      1548      2,00      0,00 1729172  599136   7,46  java
07:07:43 PM  1000      1548      0,00      0,00 1729172  599136   7,46  java
07:07:44 PM  1000      1548      8,00      0,00 1729172  599204   7,46  java
07:07:45 PM  1000      1548      5,94      0,00 1729172  599204   7,46  java
07:07:46 PM  1000      1548      6,00      0,00 1729172  599204   7,46  java
07:07:47 PM  1000      1548      0,00      0,00 1729172  599204   7,46  java
07:07:48 PM  1000      1548      0,00      0,00 1729172  599204   7,46  java
07:07:49 PM  1000      1548      0,00      0,00 1729172  599204   7,46  java
Average:     1000      1548      3,46      0,00 1729172  599138   7,46  java
