Linux 5.4.0-42-generic (terumi-pc) 	10/15/2020 	_x86_64_	(8 CPU)

07:04:52 PM   UID       PID  minflt/s  majflt/s     VSZ     RSS   %MEM  Command
07:04:53 PM  1000      1548      1,00      0,00 1729172  598212   7,44  java
07:04:54 PM  1000      1548      0,00      0,00 1729172  598296   7,45  java
07:04:55 PM  1000      1548      2,00      0,00 1729172  598296   7,45  java
07:04:56 PM  1000      1548      0,00      0,00 1729172  598296   7,45  java
07:04:57 PM  1000      1548     54,00      0,00 1729172  598296   7,45  java
07:04:58 PM  1000      1548      0,00      0,00 1729172  598296   7,45  java
07:04:59 PM  1000      1548      3,00      0,00 1729172  598296   7,45  java
07:05:00 PM  1000      1548      6,00      0,00 1729172  598360   7,45  java
07:05:01 PM  1000      1548      5,00      0,00 1729172  598360   7,45  java
07:05:02 PM  1000      1548      0,00      0,00 1729172  598360   7,45  java
07:05:03 PM  1000      1548      0,00      0,00 1729172  598360   7,45  java
07:05:04 PM  1000      1548      0,00      0,00 1729172  598360   7,45  java
07:05:05 PM  1000      1548      0,00      0,00 1729172  598360   7,45  java
07:05:06 PM  1000      1548      0,00      0,00 1729172  598360   7,45  java
07:05:07 PM  1000      1548      0,00      0,00 1729172  598360   7,45  java
Average:     1000      1548      4,73      0,00 1729172  598325   7,45  java
