Linux 5.4.0-42-generic (terumi-pc) 	10/15/2020 	_x86_64_	(8 CPU)

06:55:09 PM   UID       PID  minflt/s  majflt/s     VSZ     RSS   %MEM  Command
06:55:10 PM  1000      1548      0,00      0,00 1690260  534420   6,65  java
06:55:11 PM  1000      1548      0,00      0,00 1690260  534420   6,65  java
06:55:12 PM  1000      1548  13541,00      0,00 1723028  574148   7,14  java
06:55:13 PM  1000      1548     67,00      0,00 1723028  574328   7,15  java
06:55:14 PM  1000      1548    521,00      0,00 1725076  575704   7,16  java
06:55:15 PM  1000      1548     24,00      0,00 1725076  575720   7,16  java
06:55:16 PM  1000      1548     95,00      0,00 1725076  576168   7,17  java
06:55:17 PM  1000      1548    101,00      0,00 1725076  576504   7,17  java
06:55:18 PM  1000      1548    173,00      0,00 1725076  577324   7,18  java
06:55:19 PM  1000      1548    195,00      0,00 1725076  578160   7,19  java
06:55:20 PM  1000      1548    164,00      0,00 1725076  578852   7,20  java
06:55:21 PM  1000      1548    194,00      0,00 1725076  579792   7,21  java
06:55:22 PM  1000      1548    168,00      0,00 1725076  580324   7,22  java
06:55:23 PM  1000      1548    103,00      0,00 1725076  580736   7,23  java
06:55:24 PM  1000      1548      0,00      0,00 1725076  580736   7,23  java
Average:     1000      1548   1023,07      0,00 1720161  571822   7,12  java
