Linux 5.4.0-42-generic (terumi-pc) 	10/15/2020 	_x86_64_	(8 CPU)

07:05:48 PM   UID       PID  minflt/s  majflt/s     VSZ     RSS   %MEM  Command
07:05:49 PM  1000      1548      0,00      0,00 1729172  598408   7,45  java
07:05:50 PM  1000      1548     54,00      0,00 1729172  598408   7,45  java
07:05:51 PM  1000      1548      4,00      0,00 1729172  598408   7,45  java
07:05:52 PM  1000      1548      4,00      0,00 1729172  598408   7,45  java
07:05:53 PM  1000      1548      8,00      0,00 1729172  598408   7,45  java
07:05:54 PM  1000      1548      5,00      0,00 1729172  598500   7,45  java
07:05:55 PM  1000      1548      5,00      0,00 1729172  598500   7,45  java
07:05:56 PM  1000      1548      8,00      0,00 1729172  598500   7,45  java
07:05:57 PM  1000      1548      8,00      0,00 1729172  598564   7,45  java
07:05:58 PM  1000      1548      9,00      0,00 1729172  598564   7,45  java
07:05:59 PM  1000      1548      0,00      0,00 1729172  598564   7,45  java
07:06:00 PM  1000      1548      0,00      0,00 1729172  598564   7,45  java
07:06:01 PM  1000      1548      0,00      0,00 1729172  598564   7,45  java
07:06:02 PM  1000      1548      0,00      0,00 1729172  598564   7,45  java
07:06:03 PM  1000      1548      3,00      0,00 1729172  598564   7,45  java
Average:     1000      1548      7,20      0,00 1729172  598499   7,45  java
