Linux 5.4.0-42-generic (terumi-pc) 	10/15/2020 	_x86_64_	(8 CPU)

07:03:52 PM   UID       PID  minflt/s  majflt/s     VSZ     RSS   %MEM  Command
07:03:53 PM  1000      1548      0,00      0,00 1729172  598072   7,44  java
07:03:54 PM  1000      1548     82,00      0,00 1729172  598072   7,44  java
07:03:55 PM  1000      1548      6,00      0,00 1729172  598072   7,44  java
07:03:56 PM  1000      1548      4,00      0,00 1729172  598072   7,44  java
07:03:57 PM  1000      1548      2,00      0,00 1729172  598072   7,44  java
07:03:58 PM  1000      1548      0,00      0,00 1729172  598072   7,44  java
07:03:59 PM  1000      1548      0,00      0,00 1729172  598072   7,44  java
07:04:00 PM  1000      1548      1,00      0,00 1729172  598072   7,44  java
07:04:01 PM  1000      1548      0,00      0,00 1729172  598072   7,44  java
07:04:02 PM  1000      1548      1,00      0,00 1729172  598212   7,44  java
07:04:03 PM  1000      1548     10,00      0,00 1729172  598212   7,44  java
07:04:04 PM  1000      1548      0,00      0,00 1729172  598212   7,44  java
07:04:05 PM  1000      1548      0,00      0,00 1729172  598212   7,44  java
07:04:06 PM  1000      1548      0,00      0,00 1729172  598212   7,44  java
07:04:07 PM  1000      1548      0,00      0,00 1729172  598212   7,44  java
Average:     1000      1548      7,06      0,00 1729172  598128   7,44  java
