Linux 5.4.0-42-generic (terumi-pc) 	10/15/2020 	_x86_64_	(8 CPU)

06:58:45 PM   UID       PID  minflt/s  majflt/s     VSZ     RSS   %MEM  Command
06:58:46 PM  1000      1548      0,00      0,00 1729172  590356   7,35  java
06:58:47 PM  1000      1548      0,00      0,00 1729172  590356   7,35  java
06:58:48 PM  1000      1548     14,00      0,00 1729172  590356   7,35  java
06:58:49 PM  1000      1548     50,00      0,00 1729172  590552   7,35  java
06:58:50 PM  1000      1548    172,00      0,00 1729172  591264   7,36  java
06:58:51 PM  1000      1548    183,00      0,00 1729172  592040   7,37  java
06:58:52 PM  1000      1548     34,00      0,00 1729172  592172   7,37  java
06:58:53 PM  1000      1548      6,00      0,00 1729172  592172   7,37  java
06:58:54 PM  1000      1548     12,00      0,00 1729172  592172   7,37  java
06:58:55 PM  1000      1548     62,00      0,00 1729172  592452   7,37  java
06:58:56 PM  1000      1548     77,00      0,00 1729172  592672   7,38  java
06:58:57 PM  1000      1548    127,00      0,00 1729172  593272   7,38  java
06:58:58 PM  1000      1548      2,00      0,00 1729172  593272   7,38  java
06:58:59 PM  1000      1548      0,00      0,00 1729172  593272   7,38  java
06:59:00 PM  1000      1548      0,00      0,00 1729172  593276   7,38  java
Average:     1000      1548     49,27      0,00 1729172  591977   7,37  java
