Linux 5.4.0-42-generic (terumi-pc) 	10/15/2020 	_x86_64_	(8 CPU)

07:03:00 PM   UID       PID  minflt/s  majflt/s     VSZ     RSS   %MEM  Command
07:03:01 PM  1000      1548      0,00      0,00 1729172  597608   7,44  java
07:03:02 PM  1000      1548      2,00      0,00 1729172  597608   7,44  java
07:03:03 PM  1000      1548     92,00      0,00 1729172  597668   7,44  java
07:03:04 PM  1000      1548     20,00      0,00 1729172  597668   7,44  java
07:03:05 PM  1000      1548      6,00      0,00 1729172  597688   7,44  java
07:03:06 PM  1000      1548      3,00      0,00 1729172  597688   7,44  java
07:03:07 PM  1000      1548     11,00      0,00 1729172  597880   7,44  java
07:03:08 PM  1000      1548      8,00      0,00 1729172  597880   7,44  java
07:03:09 PM  1000      1548      5,00      0,00 1729172  597880   7,44  java
07:03:10 PM  1000      1548     17,00      0,00 1729172  597948   7,44  java
07:03:11 PM  1000      1548      3,00      0,00 1729172  597948   7,44  java
07:03:12 PM  1000      1548      5,00      0,00 1729172  597948   7,44  java
07:03:13 PM  1000      1548      1,00      0,00 1729172  597948   7,44  java
07:03:14 PM  1000      1548      0,00      0,00 1729172  597948   7,44  java
07:03:15 PM  1000      1548      0,00      0,00 1729172  597948   7,44  java
Average:     1000      1548     11,53      0,00 1729172  597817   7,44  java
