Linux 5.4.0-42-generic (terumi-pc) 	10/15/2020 	_x86_64_	(8 CPU)

07:00:31 PM   UID       PID  minflt/s  majflt/s     VSZ     RSS   %MEM  Command
07:00:32 PM  1000      1548      0,00      0,00 1729172  595284   7,41  java
07:00:33 PM  1000      1548      0,00      0,00 1729172  595284   7,41  java
07:00:34 PM  1000      1548      9,00      0,00 1729172  595352   7,41  java
07:00:35 PM  1000      1548     64,00      0,00 1729172  595352   7,41  java
07:00:36 PM  1000      1548     98,00      0,00 1729172  595624   7,41  java
07:00:37 PM  1000      1548     91,00      0,00 1729172  596044   7,42  java
07:00:38 PM  1000      1548     21,00      0,00 1729172  596108   7,42  java
07:00:39 PM  1000      1548     23,00      0,00 1729172  596172   7,42  java
07:00:40 PM  1000      1548     11,00      0,00 1729172  596236   7,42  java
07:00:41 PM  1000      1548     15,00      0,00 1729172  596236   7,42  java
07:00:42 PM  1000      1548     15,00      0,00 1729172  596328   7,42  java
07:00:43 PM  1000      1548     56,00      0,00 1729172  596456   7,42  java
07:00:44 PM  1000      1548      0,00      0,00 1729172  596456   7,42  java
07:00:45 PM  1000      1548      0,00      0,00 1729172  596456   7,42  java
07:00:46 PM  1000      1548      0,00      0,00 1729172  596456   7,42  java
Average:     1000      1548     26,87      0,00 1729172  595990   7,42  java
