Linux 5.4.0-42-generic (terumi-pc) 	10/15/2020 	_x86_64_	(8 CPU)

07:08:33 PM   UID       PID  minflt/s  majflt/s     VSZ     RSS   %MEM  Command
07:08:34 PM  1000      1548      0,00      0,00 1729172  599204   7,46  java
07:08:35 PM  1000      1548      2,00      0,00 1729172  599268   7,46  java
07:08:36 PM  1000      1548      2,00      0,00 1729172  599276   7,46  java
07:08:37 PM  1000      1548      2,00      0,00 1729172  599276   7,46  java
07:08:38 PM  1000      1548      4,00      0,00 1729172  599276   7,46  java
07:08:39 PM  1000      1548      6,00      0,00 1729172  599288   7,46  java
07:08:40 PM  1000      1548     12,00      0,00 1729172  599344   7,46  java
07:08:41 PM  1000      1548     17,00      0,00 1729172  599388   7,46  java
07:08:42 PM  1000      1548     13,00      0,00 1729172  599472   7,46  java
07:08:43 PM  1000      1548     12,00      0,00 1729172  599472   7,46  java
07:08:44 PM  1000      1548     12,00      0,00 1729172  599540   7,46  java
07:08:45 PM  1000      1548      5,00      0,00 1729172  599540   7,46  java
07:08:46 PM  1000      1548      0,00      0,00 1729172  599540   7,46  java
07:08:47 PM  1000      1548      0,00      0,00 1729172  599540   7,46  java
07:08:48 PM  1000      1548      0,00      0,00 1729172  599540   7,46  java
Average:     1000      1548      5,80      0,00 1729172  599398   7,46  java
