Linux 5.4.0-42-generic (terumi-pc) 	10/15/2020 	_x86_64_	(8 CPU)

06:57:54 PM   UID       PID    %usr %system  %guest   %wait    %CPU   CPU  Command
06:57:55 PM  1000      1548    0,00    0,00    0,00    0,00    0,00     3  java
06:57:56 PM  1000      1548    0,00    0,00    0,00    0,00    0,00     3  java
06:57:57 PM  1000      1548   35,00    1,00    0,00    0,00   36,00     3  java
06:57:58 PM  1000      1548   35,00    1,00    0,00    0,00   36,00     3  java
06:57:59 PM  1000      1548   34,00    1,00    0,00    0,00   35,00     3  java
06:58:00 PM  1000      1548   21,00    1,00    0,00    0,00   22,00     3  java
06:58:01 PM  1000      1548   21,00    0,00    0,00    0,00   21,00     3  java
06:58:02 PM  1000      1548   40,00    3,00    0,00    0,00   43,00     3  java
06:58:03 PM  1000      1548   50,00    1,00    0,00    0,00   51,00     3  java
06:58:04 PM  1000      1548   51,00    5,00    0,00    0,00   56,00     3  java
06:58:05 PM  1000      1548   42,00    3,00    0,00    0,00   45,00     3  java
06:58:06 PM  1000      1548   27,00    1,00    0,00    0,00   28,00     3  java
06:58:07 PM  1000      1548   17,00    1,00    0,00    0,00   18,00     3  java
06:58:08 PM  1000      1548    2,00    0,00    0,00    0,00    2,00     3  java
06:58:09 PM  1000      1548    0,00    0,00    0,00    0,00    0,00     3  java
Average:     1000      1548   25,00    1,20    0,00    0,00   26,20     -  java
