Linux 5.4.0-42-generic (terumi-pc) 	10/15/2020 	_x86_64_	(8 CPU)

07:08:33 PM   UID       PID    %usr %system  %guest   %wait    %CPU   CPU  Command
07:08:34 PM  1000      1548    0,00    1,00    0,00    0,00    1,00     3  java
07:08:35 PM  1000      1548    7,00    1,00    0,00    0,00    8,00     3  java
07:08:36 PM  1000      1548    4,00    1,00    0,00    0,00    5,00     3  java
07:08:37 PM  1000      1548   14,00    1,00    0,00    0,00   15,00     3  java
07:08:38 PM  1000      1548   17,00    1,00    0,00    0,00   18,00     3  java
07:08:39 PM  1000      1548   13,00    1,00    0,00    0,00   14,00     3  java
07:08:40 PM  1000      1548   37,00    1,00    0,00    0,00   38,00     3  java
07:08:41 PM  1000      1548   49,00    1,00    0,00    0,00   50,00     3  java
07:08:42 PM  1000      1548   19,00    0,00    0,00    0,00   19,00     3  java
07:08:43 PM  1000      1548   22,00    1,00    0,00    0,00   23,00     3  java
07:08:44 PM  1000      1548   45,00    1,00    0,00    0,00   46,00     3  java
07:08:45 PM  1000      1548   15,00    0,00    0,00    0,00   15,00     3  java
07:08:46 PM  1000      1548    1,00    0,00    0,00    0,00    1,00     3  java
07:08:47 PM  1000      1548    0,00    0,00    0,00    0,00    0,00     3  java
07:08:48 PM  1000      1548    0,00    0,00    0,00    0,00    0,00     3  java
Average:     1000      1548   16,20    0,67    0,00    0,00   16,87     -  java
