Linux 5.4.0-42-generic (terumi-pc) 	10/15/2020 	_x86_64_	(8 CPU)

06:56:20 PM   UID       PID    %usr %system  %guest   %wait    %CPU   CPU  Command
06:56:21 PM  1000      1548    1,00    0,00    0,00    0,00    1,00     3  java
06:56:22 PM  1000      1548    0,00    0,00    0,00    0,00    0,00     3  java
06:56:23 PM  1000      1548   39,00    2,00    0,00    0,00   41,00     3  java
06:56:24 PM  1000      1548   63,00    0,00    0,00    0,00   63,00     3  java
06:56:25 PM  1000      1548   63,00    3,00    0,00    0,00   66,00     3  java
06:56:26 PM  1000      1548   29,00    1,00    0,00    0,00   30,00     3  java
06:56:27 PM  1000      1548   56,00    1,00    0,00    0,00   57,00     3  java
06:56:28 PM  1000      1548   60,00    1,00    0,00    0,00   61,00     3  java
06:56:29 PM  1000      1548   38,00    2,00    0,00    0,00   40,00     3  java
06:56:30 PM  1000      1548   49,00    2,00    0,00    0,00   51,00     3  java
06:56:31 PM  1000      1548   47,00    1,00    0,00    0,00   48,00     3  java
06:56:32 PM  1000      1548   37,00    2,00    0,00    0,00   39,00     3  java
06:56:33 PM  1000      1548    2,00    0,00    0,00    0,00    2,00     3  java
06:56:34 PM  1000      1548    0,00    0,00    0,00    0,00    0,00     3  java
06:56:35 PM  1000      1548    0,00    0,00    0,00    0,00    0,00     3  java
Average:     1000      1548   32,27    1,00    0,00    0,00   33,27     -  java
