Linux 5.4.0-42-generic (terumi-pc) 	10/15/2020 	_x86_64_	(8 CPU)

07:03:52 PM   UID       PID    %usr %system  %guest   %wait    %CPU   CPU  Command
07:03:53 PM  1000      1548    1,00    0,00    0,00    0,00    1,00     3  java
07:03:54 PM  1000      1548   13,00    0,00    0,00    0,00   13,00     3  java
07:03:55 PM  1000      1548   14,00    0,00    0,00    0,00   14,00     3  java
07:03:56 PM  1000      1548   13,00    1,00    0,00    0,00   14,00     3  java
07:03:57 PM  1000      1548   23,00    1,00    0,00    0,00   24,00     3  java
07:03:58 PM  1000      1548   14,00    1,00    0,00    0,00   15,00     3  java
07:03:59 PM  1000      1548   18,00    1,00    0,00    0,00   19,00     3  java
07:04:00 PM  1000      1548   24,00    2,00    0,00    0,00   26,00     3  java
07:04:01 PM  1000      1548   22,77    0,99    0,00    0,00   23,76     3  java
07:04:02 PM  1000      1548   23,00    1,00    0,00    0,00   24,00     3  java
07:04:03 PM  1000      1548   25,00    1,00    0,00    0,00   26,00     3  java
07:04:04 PM  1000      1548    1,00    0,00    0,00    0,00    1,00     3  java
07:04:05 PM  1000      1548    0,00    0,00    0,00    0,00    0,00     3  java
07:04:06 PM  1000      1548    0,00    0,00    0,00    0,00    0,00     3  java
07:04:07 PM  1000      1548    1,00    0,00    0,00    0,00    1,00     3  java
Average:     1000      1548   12,86    0,60    0,00    0,00   13,46     -  java
