Linux 5.4.0-42-generic (terumi-pc) 	10/15/2020 	_x86_64_	(8 CPU)

07:03:00 PM   UID       PID    %usr %system  %guest   %wait    %CPU   CPU  Command
07:03:01 PM  1000      1548    0,00    0,00    0,00    0,00    0,00     3  java
07:03:02 PM  1000      1548    2,00    0,00    0,00    0,00    2,00     3  java
07:03:03 PM  1000      1548   14,00    2,00    0,00    0,00   16,00     3  java
07:03:04 PM  1000      1548   40,00    0,00    0,00    0,00   40,00     3  java
07:03:05 PM  1000      1548   17,00    1,00    0,00    0,00   18,00     3  java
07:03:06 PM  1000      1548   13,00    1,00    0,00    0,00   14,00     3  java
07:03:07 PM  1000      1548   26,00    0,00    0,00    0,00   26,00     3  java
07:03:08 PM  1000      1548   23,00    1,00    0,00    0,00   24,00     3  java
07:03:09 PM  1000      1548   11,00    1,00    0,00    0,00   12,00     3  java
07:03:10 PM  1000      1548   30,00    0,00    0,00    0,00   30,00     3  java
07:03:11 PM  1000      1548   14,00    1,00    0,00    0,00   15,00     3  java
07:03:12 PM  1000      1548   17,00    0,00    0,00    0,00   17,00     3  java
07:03:13 PM  1000      1548    1,00    0,00    0,00    0,00    1,00     3  java
07:03:14 PM  1000      1548    0,00    0,00    0,00    0,00    0,00     3  java
07:03:15 PM  1000      1548    0,00    1,00    0,00    0,00    1,00     3  java
Average:     1000      1548   13,87    0,53    0,00    0,00   14,40     -  java
