Linux 5.4.0-42-generic (terumi-pc) 	10/15/2020 	_x86_64_	(8 CPU)

07:06:42 PM   UID       PID    %usr %system  %guest   %wait    %CPU   CPU  Command
07:06:43 PM  1000      1548    3,00    0,00    0,00    0,00    3,00     3  java
07:06:44 PM  1000      1548    0,00    0,00    0,00    0,00    0,00     3  java
07:06:45 PM  1000      1548   23,00    1,00    0,00    0,00   24,00     3  java
07:06:46 PM  1000      1548   12,00    2,00    0,00    0,00   14,00     3  java
07:06:47 PM  1000      1548   15,00    0,00    0,00    0,00   15,00     3  java
07:06:48 PM  1000      1548   17,00    1,00    0,00    0,00   18,00     3  java
07:06:49 PM  1000      1548   72,00    1,00    0,00    0,00   73,00     3  java
07:06:50 PM  1000      1548   31,00    1,00    0,00    0,00   32,00     3  java
07:06:51 PM  1000      1548   19,00    1,00    0,00    0,00   20,00     3  java
07:06:52 PM  1000      1548   17,00    1,00    0,00    0,00   18,00     3  java
07:06:53 PM  1000      1548   25,00    2,00    0,00    0,00   27,00     3  java
07:06:54 PM  1000      1548   16,83    0,99    0,00    0,00   17,82     3  java
07:06:55 PM  1000      1548    0,00    0,00    0,00    0,00    0,00     3  java
07:06:56 PM  1000      1548    0,00    0,00    0,00    0,00    0,00     3  java
07:06:57 PM  1000      1548    0,00    0,00    0,00    0,00    0,00     3  java
Average:     1000      1548   16,72    0,73    0,00    0,00   17,46     -  java
