Linux 5.4.0-42-generic (terumi-pc) 	10/15/2020 	_x86_64_	(8 CPU)

07:04:52 PM   UID       PID    %usr %system  %guest   %wait    %CPU   CPU  Command
07:04:53 PM  1000      1548    1,00    0,00    0,00    0,00    1,00     3  java
07:04:54 PM  1000      1548    0,00    0,00    0,00    0,00    0,00     3  java
07:04:55 PM  1000      1548   12,00    0,00    0,00    0,00   12,00     3  java
07:04:56 PM  1000      1548   13,00    1,00    0,00    0,00   14,00     3  java
07:04:57 PM  1000      1548   22,00    0,00    0,00    0,00   22,00     3  java
07:04:58 PM  1000      1548   10,00    1,00    0,00    0,00   11,00     3  java
07:04:59 PM  1000      1548   22,00    0,00    0,00    0,00   22,00     3  java
07:05:00 PM  1000      1548   26,00    1,00    0,00    0,00   27,00     3  java
07:05:01 PM  1000      1548   18,00    0,00    0,00    0,00   18,00     3  java
07:05:02 PM  1000      1548   14,00    0,00    0,00    0,00   14,00     3  java
07:05:03 PM  1000      1548   11,00    1,00    0,00    0,00   12,00     3  java
07:05:04 PM  1000      1548    9,00    0,00    0,00    0,00    9,00     3  java
07:05:05 PM  1000      1548    0,00    0,00    0,00    0,00    0,00     3  java
07:05:06 PM  1000      1548    1,00    0,00    0,00    0,00    1,00     3  java
07:05:07 PM  1000      1548    0,00    1,00    0,00    0,00    1,00     3  java
Average:     1000      1548   10,60    0,33    0,00    0,00   10,93     -  java
