Linux 5.4.0-42-generic (terumi-pc) 	10/15/2020 	_x86_64_	(8 CPU)

07:05:48 PM   UID       PID    %usr %system  %guest   %wait    %CPU   CPU  Command
07:05:49 PM  1000      1548    0,00    0,00    0,00    0,00    0,00     3  java
07:05:50 PM  1000      1548   10,00    1,00    0,00    0,00   11,00     3  java
07:05:51 PM  1000      1548   21,00    2,00    0,00    0,00   23,00     3  java
07:05:52 PM  1000      1548   23,00    0,00    0,00    0,00   23,00     3  java
07:05:53 PM  1000      1548   22,00    1,00    0,00    0,00   23,00     3  java
07:05:54 PM  1000      1548   22,00    0,00    0,00    0,00   22,00     3  java
07:05:55 PM  1000      1548   20,00    1,00    0,00    0,00   21,00     3  java
07:05:56 PM  1000      1548   22,00    0,00    0,00    0,00   22,00     3  java
07:05:57 PM  1000      1548   21,00    4,00    0,00    0,00   25,00     3  java
07:05:58 PM  1000      1548   17,00    1,00    0,00    0,00   18,00     3  java
07:05:59 PM  1000      1548    9,00    0,00    0,00    0,00    9,00     3  java
07:06:00 PM  1000      1548    1,00    0,00    0,00    0,00    1,00     3  java
07:06:01 PM  1000      1548    0,00    0,00    0,00    0,00    0,00     3  java
07:06:02 PM  1000      1548    0,00    0,00    0,00    0,00    0,00     3  java
07:06:03 PM  1000      1548    7,00    0,00    0,00    0,00    7,00     3  java
Average:     1000      1548   13,00    0,67    0,00    0,00   13,67     -  java
