Linux 5.4.0-42-generic (terumi-pc) 	10/15/2020 	_x86_64_	(8 CPU)

06:55:09 PM   UID       PID    %usr %system  %guest   %wait    %CPU   CPU  Command
06:55:10 PM  1000      1548    0,00    0,00    0,00    0,00    0,00     3  java
06:55:11 PM  1000      1548    0,00    0,00    0,00    0,00    0,00     3  java
06:55:12 PM  1000      1548  394,00   12,00    0,00    0,00  406,00     3  java
06:55:13 PM  1000      1548   81,00    1,00    0,00    0,00   82,00     3  java
06:55:14 PM  1000      1548   92,00    2,00    0,00    0,00   94,00     3  java
06:55:15 PM  1000      1548   37,62    1,98    0,00    0,00   39,60     3  java
06:55:16 PM  1000      1548   61,00    2,00    0,00    0,00   63,00     3  java
06:55:17 PM  1000      1548   37,00    1,00    0,00    0,00   38,00     3  java
06:55:18 PM  1000      1548   54,00    1,00    0,00    0,00   55,00     3  java
06:55:19 PM  1000      1548   62,00    4,00    0,00    0,00   66,00     3  java
06:55:20 PM  1000      1548   35,00    2,00    0,00    0,00   37,00     3  java
06:55:21 PM  1000      1548   74,00    1,00    0,00    0,00   75,00     3  java
06:55:22 PM  1000      1548   72,00    1,00    0,00    0,00   73,00     3  java
06:55:23 PM  1000      1548   47,00    2,00    0,00    0,00   49,00     3  java
06:55:24 PM  1000      1548    1,00    0,00    0,00    0,00    1,00     3  java
Average:     1000      1548   69,82    2,07    0,00    0,00   71,89     -  java
