Linux 5.4.0-42-generic (terumi-pc) 	10/15/2020 	_x86_64_	(8 CPU)

09:40:17 PM   UID       PID    %usr %system  %guest   %wait    %CPU   CPU  Command
09:40:18 PM  1000      1534    0,00    0,00    0,00    0,00    0,00     7  java
09:40:19 PM  1000      1534    1,00    0,00    0,00    0,00    1,00     7  java
09:40:20 PM  1000      1534   16,00    1,00    0,00    0,00   17,00     7  java
09:40:21 PM  1000      1534    8,00    1,00    0,00    0,00    9,00     7  java
09:40:22 PM  1000      1534   19,00    1,00    0,00    0,00   20,00     7  java
09:40:23 PM  1000      1534   42,00    4,00    0,00    0,00   46,00     7  java
09:40:24 PM  1000      1534   66,00    4,00    0,00    0,00   70,00     7  java
09:40:25 PM  1000      1534   41,00    5,00    0,00    0,00   46,00     7  java
09:40:26 PM  1000      1534   33,00    6,00    0,00    0,00   39,00     7  java
09:40:27 PM  1000      1534   34,00    5,00    0,00    0,00   39,00     7  java
09:40:28 PM  1000      1534   54,00    4,00    0,00    0,00   58,00     7  java
09:40:29 PM  1000      1534   41,00    4,00    0,00    0,00   45,00     7  java
09:40:30 PM  1000      1534   25,00    4,00    0,00    0,00   29,00     7  java
09:40:31 PM  1000      1534    1,00    0,00    0,00    0,00    1,00     7  java
09:40:32 PM  1000      1534    0,00    0,00    0,00    0,00    0,00     7  java
Average:     1000      1534   25,40    2,60    0,00    0,00   28,00     -  java
