Linux 5.4.0-42-generic (terumi-pc) 	10/15/2020 	_x86_64_	(8 CPU)

09:39:27 PM   UID       PID    %usr %system  %guest   %wait    %CPU   CPU  Command
09:39:28 PM  1000      1534    0,00    0,00    0,00    0,00    0,00     7  java
09:39:29 PM  1000      1534    1,00    0,00    0,00    0,00    1,00     7  java
09:39:30 PM  1000      1534    0,00    0,00    0,00    0,00    0,00     7  java
09:39:31 PM  1000      1534   26,00    1,00    0,00    0,00   27,00     7  java
09:39:32 PM  1000      1534   20,00    3,00    0,00    0,00   23,00     7  java
09:39:33 PM  1000      1534   26,00    3,00    0,00    0,00   29,00     7  java
09:39:34 PM  1000      1534   22,00    2,00    0,00    0,00   24,00     7  java
09:39:35 PM  1000      1534   37,00    4,00    0,00    0,00   41,00     7  java
09:39:36 PM  1000      1534   81,00    3,00    0,00    0,00   84,00     7  java
09:39:37 PM  1000      1534   24,00    4,00    0,00    0,00   28,00     7  java
09:39:38 PM  1000      1534   40,00    6,00    0,00    0,00   46,00     7  java
09:39:39 PM  1000      1534   39,00    3,00    0,00    0,00   42,00     7  java
09:39:40 PM  1000      1534   35,00    5,00    0,00    0,00   40,00     7  java
09:39:41 PM  1000      1534    1,00    0,00    0,00    0,00    1,00     7  java
09:39:42 PM  1000      1534    0,00    0,00    0,00    0,00    0,00     7  java
Average:     1000      1534   23,47    2,27    0,00    0,00   25,73     -  java
