Linux 5.4.0-42-generic (terumi-pc) 	10/15/2020 	_x86_64_	(8 CPU)

09:41:58 PM   UID       PID    %usr %system  %guest   %wait    %CPU   CPU  Command
09:41:59 PM  1000      1534    2,00    0,00    0,00    0,00    2,00     7  java
09:42:00 PM  1000      1534    0,00    0,00    0,00    0,00    0,00     7  java
09:42:01 PM  1000      1534   14,00    2,00    0,00    0,00   16,00     7  java
09:42:02 PM  1000      1534   68,00    6,00    0,00    0,00   74,00     7  java
09:42:03 PM  1000      1534   30,00    4,00    0,00    0,00   34,00     7  java
09:42:04 PM  1000      1534   17,00    2,00    0,00    0,00   19,00     7  java
09:42:05 PM  1000      1534   31,00    3,00    0,00    0,00   34,00     7  java
09:42:06 PM  1000      1534   51,00    4,00    0,00    0,00   55,00     7  java
09:42:07 PM  1000      1534   26,00    5,00    0,00    0,00   31,00     7  java
09:42:08 PM  1000      1534   14,00    2,00    0,00    0,00   16,00     7  java
09:42:09 PM  1000      1534   38,00    5,00    0,00    0,00   43,00     7  java
09:42:10 PM  1000      1534   38,00    6,00    0,00    0,00   44,00     7  java
09:42:11 PM  1000      1534   63,00    5,00    0,00    0,00   68,00     7  java
09:42:12 PM  1000      1534    1,00    0,00    0,00    0,00    1,00     7  java
09:42:13 PM  1000      1534    0,00    0,00    0,00    0,00    0,00     7  java
Average:     1000      1534   26,20    2,93    0,00    0,00   29,13     -  java
