Linux 5.4.0-42-generic (terumi-pc) 	10/15/2020 	_x86_64_	(8 CPU)

09:41:09 PM   UID       PID    %usr %system  %guest   %wait    %CPU   CPU  Command
09:41:10 PM  1000      1534    0,00    0,00    0,00    0,00    0,00     7  java
09:41:11 PM  1000      1534    1,00    0,00    0,00    0,00    1,00     7  java
09:41:12 PM  1000      1534   15,00    2,00    0,00    0,00   17,00     7  java
09:41:13 PM  1000      1534   25,00    3,00    0,00    0,00   28,00     7  java
09:41:14 PM  1000      1534   55,00    3,00    0,00    0,00   58,00     7  java
09:41:15 PM  1000      1534   20,00    2,00    0,00    0,00   22,00     7  java
09:41:16 PM  1000      1534   29,00    1,00    0,00    0,00   30,00     7  java
09:41:17 PM  1000      1534   22,00    4,00    0,00    0,00   26,00     7  java
09:41:18 PM  1000      1534   39,00    3,00    0,00    0,00   42,00     7  java
09:41:19 PM  1000      1534   45,00    4,00    0,00    0,00   49,00     7  java
09:41:20 PM  1000      1534   32,00    3,00    0,00    0,00   35,00     7  java
09:41:21 PM  1000      1534   26,00    4,00    0,00    0,00   30,00     7  java
09:41:22 PM  1000      1534   23,00    3,00    0,00    0,00   26,00     7  java
09:41:23 PM  1000      1534    1,00    0,00    0,00    0,00    1,00     7  java
09:41:24 PM  1000      1534    0,00    0,00    0,00    0,00    0,00     7  java
Average:     1000      1534   22,20    2,13    0,00    0,00   24,33     -  java
