Linux 5.4.0-42-generic (terumi-pc) 	10/15/2020 	_x86_64_	(8 CPU)

09:33:40 PM   UID       PID    %usr %system  %guest   %wait    %CPU   CPU  Command
09:33:41 PM  1000      1534    0,00    0,00    0,00    0,00    0,00     7  java
09:33:42 PM  1000      1534    0,00    0,00    0,00    0,00    0,00     7  java
09:33:43 PM  1000      1534    1,00    0,00    0,00    0,00    1,00     7  java
09:33:44 PM  1000      1534   64,00    2,00    0,00    0,00   66,00     7  java
09:33:45 PM  1000      1534   83,00    3,00    0,00    0,00   86,00     7  java
09:33:46 PM  1000      1534   88,00    3,00    0,00    0,00   91,00     7  java
09:33:47 PM  1000      1534   38,00    3,00    0,00    0,00   41,00     7  java
09:33:48 PM  1000      1534   63,00    2,00    0,00    0,00   65,00     7  java
09:33:49 PM  1000      1534   49,00    4,00    0,00    0,00   53,00     7  java
09:33:50 PM  1000      1534   67,00    4,00    0,00    0,00   71,00     7  java
09:33:51 PM  1000      1534   54,00    4,00    0,00    0,00   58,00     7  java
09:33:52 PM  1000      1534   43,00    1,00    0,00    0,00   44,00     7  java
09:33:53 PM  1000      1534   73,00    1,00    0,00    0,00   74,00     7  java
09:33:54 PM  1000      1534   43,00    0,00    0,00    0,00   43,00     7  java
09:33:55 PM  1000      1534    0,00    0,00    0,00    0,00    0,00     7  java
Average:     1000      1534   44,40    1,80    0,00    0,00   46,20     -  java
