Linux 5.4.0-42-generic (terumi-pc) 	10/15/2020 	_x86_64_	(8 CPU)

09:29:56 PM   UID       PID    %usr %system  %guest   %wait    %CPU   CPU  Command
09:29:57 PM  1000      1534    0,00    0,00    0,00    0,00    0,00     7  java
09:29:58 PM  1000      1534    0,00    0,00    0,00    0,00    0,00     7  java
09:29:59 PM  1000      1534   56,00    1,00    0,00    0,00   57,00     7  java
09:30:00 PM  1000      1534   79,00    4,00    0,00    0,00   83,00     7  java
09:30:01 PM  1000      1534   57,00    5,00    0,00    0,00   62,00     7  java
09:30:02 PM  1000      1534   40,00    3,00    0,00    0,00   43,00     7  java
09:30:03 PM  1000      1534   54,00    5,00    0,00    0,00   59,00     7  java
09:30:04 PM  1000      1534   40,00    1,00    0,00    0,00   41,00     7  java
09:30:05 PM  1000      1534   86,00    7,00    0,00    0,00   93,00     7  java
09:30:06 PM  1000      1534   36,00    5,00    0,00    0,00   41,00     7  java
09:30:07 PM  1000      1534   69,00    5,00    0,00    0,00   74,00     7  java
09:30:08 PM  1000      1534   52,00    5,00    0,00    0,00   57,00     7  java
09:30:09 PM  1000      1534   33,00    4,00    0,00    0,00   37,00     7  java
09:30:10 PM  1000      1534    0,00    0,00    0,00    0,00    0,00     7  java
09:30:11 PM  1000      1534    0,00    0,00    0,00    0,00    0,00     7  java
Average:     1000      1534   40,11    3,00    0,00    0,00   43,10     -  java
