Linux 5.4.0-42-generic (terumi-pc) 	10/15/2020 	_x86_64_	(8 CPU)

09:34:35 PM   UID       PID    %usr %system  %guest   %wait    %CPU   CPU  Command
09:34:36 PM  1000      1534    0,00    0,00    0,00    0,00    0,00     7  java
09:34:37 PM  1000      1534    0,00    1,00    0,00    0,00    1,00     7  java
09:34:38 PM  1000      1534    0,00    0,00    0,00    0,00    0,00     7  java
09:34:39 PM  1000      1534   32,00    1,00    0,00    0,00   33,00     7  java
09:34:40 PM  1000      1534   95,00    3,00    0,00    0,00   98,00     7  java
09:34:41 PM  1000      1534   70,00    2,00    0,00    0,00   72,00     7  java
09:34:42 PM  1000      1534   32,00    3,00    0,00    0,00   35,00     7  java
09:34:43 PM  1000      1534   85,00    4,00    0,00    0,00   89,00     7  java
09:34:44 PM  1000      1534   42,00    7,00    0,00    0,00   49,00     7  java
09:34:45 PM  1000      1534   27,00    5,00    0,00    0,00   32,00     7  java
09:34:46 PM  1000      1534   22,00    2,00    0,00    0,00   24,00     7  java
09:34:47 PM  1000      1534   42,00    3,00    0,00    0,00   45,00     7  java
09:34:48 PM  1000      1534   48,00    3,00    0,00    0,00   51,00     7  java
09:34:49 PM  1000      1534   11,00    2,00    0,00    0,00   13,00     7  java
09:34:50 PM  1000      1534    1,00    0,00    0,00    0,00    1,00     7  java
Average:     1000      1534   33,80    2,40    0,00    0,00   36,20     -  java
