Linux 5.4.0-42-generic (terumi-pc) 	10/15/2020 	_x86_64_	(8 CPU)

09:35:31 PM   UID       PID  minflt/s  majflt/s     VSZ     RSS   %MEM  Command
09:35:32 PM  1000      1534      0,00      0,00 1849100  689616   8,58  java
09:35:33 PM  1000      1534      1,00      0,00 1849100  689616   8,58  java
09:35:34 PM  1000      1534      0,00      0,00 1849100  689616   8,58  java
09:35:35 PM  1000      1534    154,00      0,00 1854240  689616   8,58  java
09:35:36 PM  1000      1534     34,00      0,00 1854240  689704   8,58  java
09:35:37 PM  1000      1534      5,00      0,00 1854240  689704   8,58  java
09:35:38 PM  1000      1534     13,00      0,00 1854240  689948   8,59  java
09:35:39 PM  1000      1534     23,00      0,00 1856296  689984   8,59  java
09:35:40 PM  1000      1534      0,00      0,00 1856296  690000   8,59  java
09:35:41 PM  1000      1534      0,00      0,00 1856296  690000   8,59  java
09:35:42 PM  1000      1534      2,00      0,00 1856296  690000   8,59  java
09:35:43 PM  1000      1534      0,00      0,00 1856296  690016   8,59  java
09:35:44 PM  1000      1534      0,00      0,00 1856296  690016   8,59  java
09:35:45 PM  1000      1534      0,00      0,00 1856296  690016   8,59  java
09:35:46 PM  1000      1534      0,00      0,00 1856296  690016   8,59  java
Average:     1000      1534     15,47      0,00 1854309  689858   8,58  java
