Linux 5.4.0-42-generic (terumi-pc) 	10/15/2020 	_x86_64_	(8 CPU)

09:31:37 PM   UID       PID  minflt/s  majflt/s     VSZ     RSS   %MEM  Command
09:31:38 PM  1000      1534      0,00      0,00 1852184  686656   8,54  java
09:31:39 PM  1000      1534      0,00      0,00 1852184  686656   8,54  java
09:31:40 PM  1000      1534      0,00      0,00 1852184  686656   8,54  java
09:31:41 PM  1000      1534     13,00      0,00 1852184  686864   8,55  java
09:31:42 PM  1000      1534      8,91      0,00 1852184  686864   8,55  java
09:31:43 PM  1000      1534     17,00      0,00 1852184  686924   8,55  java
09:31:44 PM  1000      1534     17,00      0,00 1852184  686988   8,55  java
09:31:45 PM  1000      1534     32,00      0,00 1852184  687088   8,55  java
09:31:46 PM  1000      1534     31,00      0,00 1852184  687188   8,55  java
09:31:47 PM  1000      1534     38,00      0,00 1852184  687304   8,55  java
09:31:48 PM  1000      1534     56,00      0,00 1852184  687500   8,56  java
09:31:49 PM  1000      1534     16,00      0,00 1852184  687568   8,56  java
09:31:50 PM  1000      1534     17,00      0,00 1852184  687676   8,56  java
09:31:51 PM  1000      1534     12,00      0,00 1852184  687732   8,56  java
09:31:52 PM  1000      1534      0,00      0,00 1852184  687732   8,56  java
Average:     1000      1534     17,19      0,00 1852184  687160   8,55  java
