Linux 5.4.0-42-generic (terumi-pc) 	10/15/2020 	_x86_64_	(8 CPU)

09:33:40 PM   UID       PID  minflt/s  majflt/s     VSZ     RSS   %MEM  Command
09:33:41 PM  1000      1534      0,00      0,00 1831624  688468   8,57  java
09:33:42 PM  1000      1534      0,00      0,00 1831624  688468   8,57  java
09:33:43 PM  1000      1534      0,00      0,00 1831624  688468   8,57  java
09:33:44 PM  1000      1534    198,00      0,00 1832652  688500   8,57  java
09:33:45 PM  1000      1534    462,00      0,00 1848072  688540   8,57  java
09:33:46 PM  1000      1534     19,00      0,00 1848072  688608   8,57  java
09:33:47 PM  1000      1534     30,00      0,00 1848072  688648   8,57  java
09:33:48 PM  1000      1534     21,00      0,00 1848072  688748   8,57  java
09:33:49 PM  1000      1534     38,00      0,00 1848072  688944   8,57  java
09:33:50 PM  1000      1534      2,00      0,00 1848072  688944   8,57  java
09:33:51 PM  1000      1534      1,00      0,00 1848072  688944   8,57  java
09:33:52 PM  1000      1534      1,00      0,00 1848072  688944   8,57  java
09:33:53 PM  1000      1534     40,00      0,00 1849100  688964   8,57  java
09:33:54 PM  1000      1534     22,00      0,00 1849100  689092   8,58  java
09:33:55 PM  1000      1534      0,00      0,00 1849100  689092   8,58  java
Average:     1000      1534     55,60      0,00 1843960  688758   8,57  java
