Linux 5.4.0-42-generic (terumi-pc) 	10/15/2020 	_x86_64_	(8 CPU)

09:30:46 PM   UID       PID  minflt/s  majflt/s     VSZ     RSS   %MEM  Command
09:30:47 PM  1000      1534      0,00      0,00 1851156  686116   8,54  java
09:30:48 PM  1000      1534      2,00      0,00 1851156  686116   8,54  java
09:30:49 PM  1000      1534     93,00      0,00 1851156  686116   8,54  java
09:30:50 PM  1000      1534     13,00      0,00 1851156  686180   8,54  java
09:30:51 PM  1000      1534      8,00      0,00 1851156  686180   8,54  java
09:30:52 PM  1000      1534     27,00      0,00 1851156  686248   8,54  java
09:30:53 PM  1000      1534     20,00      0,00 1851156  686368   8,54  java
09:30:54 PM  1000      1534     22,00      0,00 1852184  686428   8,54  java
09:30:55 PM  1000      1534     17,00      0,00 1852184  686508   8,54  java
09:30:56 PM  1000      1534     25,00      0,00 1852184  686592   8,54  java
09:30:57 PM  1000      1534      2,00      0,00 1852184  686592   8,54  java
09:30:58 PM  1000      1534      6,00      0,00 1852184  686656   8,54  java
09:30:59 PM  1000      1534      6,00      0,00 1852184  686656   8,54  java
09:31:00 PM  1000      1534      0,00      0,00 1852184  686656   8,54  java
09:31:01 PM  1000      1534      0,00      0,00 1852184  686656   8,54  java
Average:     1000      1534     16,07      0,00 1851704  686405   8,54  java
