Linux 5.4.0-42-generic (terumi-pc) 	10/15/2020 	_x86_64_	(8 CPU)

09:34:35 PM   UID       PID  minflt/s  majflt/s     VSZ     RSS   %MEM  Command
09:34:36 PM  1000      1534      0,00      0,00 1849100  689188   8,58  java
09:34:37 PM  1000      1534      0,00      0,00 1849100  689188   8,58  java
09:34:38 PM  1000      1534      0,00      0,00 1849100  689188   8,58  java
09:34:39 PM  1000      1534      9,00      0,00 1849100  689408   8,58  java
09:34:40 PM  1000      1534     28,00      0,00 1849100  689424   8,58  java
09:34:41 PM  1000      1534     17,00      0,00 1849100  689524   8,58  java
09:34:42 PM  1000      1534      3,00      0,00 1849100  689596   8,58  java
09:34:43 PM  1000      1534      6,00      0,00 1849100  689612   8,58  java
09:34:44 PM  1000      1534     22,00      0,00 1849100  689612   8,58  java
09:34:45 PM  1000      1534      0,00      0,00 1849100  689612   8,58  java
09:34:46 PM  1000      1534      0,00      0,00 1849100  689612   8,58  java
09:34:47 PM  1000      1534      2,00      0,00 1849100  689616   8,58  java
09:34:48 PM  1000      1534      9,00      0,00 1849100  689616   8,58  java
09:34:49 PM  1000      1534      0,00      0,00 1849100  689616   8,58  java
09:34:50 PM  1000      1534      0,00      0,00 1849100  689616   8,58  java
Average:     1000      1534      6,40      0,00 1849100  689495   8,58  java
