Linux 5.4.0-42-generic (terumi-pc) 	10/15/2020 	_x86_64_	(8 CPU)

09:40:17 PM   UID       PID  minflt/s  majflt/s     VSZ     RSS   %MEM  Command
09:40:18 PM  1000      1534      0,00      0,00 1841904  690792   8,60  java
09:40:19 PM  1000      1534      1,00      0,00 1841904  690792   8,60  java
09:40:20 PM  1000      1534      0,00      0,00 1841904  690792   8,60  java
09:40:21 PM  1000      1534      0,00      0,00 1841904  690792   8,60  java
09:40:22 PM  1000      1534      1,00      0,00 1841904  690792   8,60  java
09:40:23 PM  1000      1534      4,00      0,00 1841904  690792   8,60  java
09:40:24 PM  1000      1534      1,00      0,00 1841904  690792   8,60  java
09:40:25 PM  1000      1534    135,00      0,00 1847044  690792   8,60  java
09:40:26 PM  1000      1534      0,00      0,00 1847044  690792   8,60  java
09:40:27 PM  1000      1534      0,00      0,00 1847044  690792   8,60  java
09:40:28 PM  1000      1534      1,00      0,00 1847044  690792   8,60  java
09:40:29 PM  1000      1534      3,00      0,00 1847044  690792   8,60  java
09:40:30 PM  1000      1534      1,00      0,00 1847044  690792   8,60  java
09:40:31 PM  1000      1534      0,00      0,00 1847044  690792   8,60  java
09:40:32 PM  1000      1534      1,00      0,00 1847044  690792   8,60  java
Average:     1000      1534      9,87      0,00 1844645  690792   8,60  java
