Linux 5.4.0-42-generic (terumi-pc) 	10/15/2020 	_x86_64_	(8 CPU)

09:41:58 PM   UID       PID  minflt/s  majflt/s     VSZ     RSS   %MEM  Command
09:41:59 PM  1000      1534      7,00      0,00 1859372  691392   8,60  java
09:42:00 PM  1000      1534      0,00      0,00 1859372  691392   8,60  java
09:42:01 PM  1000      1534      0,00      0,00 1859372  691392   8,60  java
09:42:02 PM  1000      1534      8,00      0,00 1859372  691392   8,60  java
09:42:03 PM  1000      1534      0,00      0,00 1859372  691392   8,60  java
09:42:04 PM  1000      1534      0,00      0,00 1859372  691392   8,60  java
09:42:05 PM  1000      1534      3,00      0,00 1859372  691392   8,60  java
09:42:06 PM  1000      1534      5,00      0,00 1859372  691392   8,60  java
09:42:07 PM  1000      1534      0,00      0,00 1859372  691392   8,60  java
09:42:08 PM  1000      1534      0,00      0,00 1859372  691392   8,60  java
09:42:09 PM  1000      1534      0,00      0,00 1859372  691392   8,60  java
09:42:10 PM  1000      1534      0,00      0,00 1859372  691392   8,60  java
09:42:11 PM  1000      1534      3,00      0,00 1859372  691392   8,60  java
09:42:12 PM  1000      1534      0,00      0,00 1859372  691408   8,60  java
09:42:13 PM  1000      1534      0,00      0,00 1859372  691408   8,60  java
Average:     1000      1534      1,73      0,00 1859372  691394   8,60  java
