Linux 5.4.0-42-generic (terumi-pc) 	10/15/2020 	_x86_64_	(8 CPU)

09:36:21 PM   UID       PID  minflt/s  majflt/s     VSZ     RSS   %MEM  Command
09:36:22 PM  1000      1534      0,00      0,00 1856296  690016   8,59  java
09:36:23 PM  1000      1534      0,00      0,00 1856296  690016   8,59  java
09:36:24 PM  1000      1534    122,00      0,00 1859380  690232   8,59  java
09:36:25 PM  1000      1534      3,00      0,00 1859380  690232   8,59  java
09:36:26 PM  1000      1534     11,00      0,00 1859380  690232   8,59  java
09:36:27 PM  1000      1534      3,00      0,00 1859380  690232   8,59  java
09:36:28 PM  1000      1534      1,00      0,00 1859380  690232   8,59  java
09:36:29 PM  1000      1534      0,00      0,00 1859380  690232   8,59  java
09:36:30 PM  1000      1534      2,00      0,00 1859380  690232   8,59  java
09:36:31 PM  1000      1534      0,00      0,00 1859380  690232   8,59  java
09:36:32 PM  1000      1534      0,00      0,00 1859380  690232   8,59  java
09:36:33 PM  1000      1534      5,00      0,00 1860408  690232   8,59  java
09:36:34 PM  1000      1534      4,00      0,00 1860408  690244   8,59  java
09:36:35 PM  1000      1534      0,00      0,00 1860408  690244   8,59  java
09:36:36 PM  1000      1534      0,00      0,00 1860408  690244   8,59  java
Average:     1000      1534     10,07      0,00 1859243  690206   8,59  java
