Linux 5.4.0-42-generic (terumi-pc) 	10/15/2020 	_x86_64_	(8 CPU)

07:00:31 PM   UID       PID    %usr %system  %guest   %wait    %CPU   CPU  Command
07:00:32 PM  1000      1548    1,00    0,00    0,00    0,00    1,00     3  java
07:00:33 PM  1000      1548    0,00    0,00    0,00    0,00    0,00     3  java
07:00:34 PM  1000      1548   19,00    0,00    0,00    0,00   19,00     3  java
07:00:35 PM  1000      1548   26,00    2,00    0,00    0,00   28,00     3  java
07:00:36 PM  1000      1548   27,00    1,00    0,00    0,00   28,00     3  java
07:00:37 PM  1000      1548   24,00    1,00    0,00    0,00   25,00     3  java
07:00:38 PM  1000      1548   29,00    2,00    0,00    0,00   31,00     3  java
07:00:39 PM  1000      1548   25,00    0,00    0,00    0,00   25,00     3  java
07:00:40 PM  1000      1548   22,00    0,00    0,00    0,00   22,00     3  java
07:00:41 PM  1000      1548   34,00    1,00    0,00    0,00   35,00     3  java
07:00:42 PM  1000      1548   17,00    1,00    0,00    0,00   18,00     3  java
07:00:43 PM  1000      1548   27,00    2,00    0,00    0,00   29,00     3  java
07:00:44 PM  1000      1548    0,00    0,00    0,00    0,00    0,00     3  java
07:00:45 PM  1000      1548    0,00    0,00    0,00    0,00    0,00     3  java
07:00:46 PM  1000      1548    1,00    0,00    0,00    0,00    1,00     3  java
Average:     1000      1548   16,80    0,67    0,00    0,00   17,47     -  java
