Linux 5.4.0-42-generic (terumi-pc) 	10/15/2020 	_x86_64_	(8 CPU)

07:02:10 PM   UID       PID    %usr %system  %guest   %wait    %CPU   CPU  Command
07:02:11 PM  1000      1548    1,00    0,00    0,00    0,00    1,00     3  java
07:02:12 PM  1000      1548    0,00    0,00    0,00    0,00    0,00     3  java
07:02:13 PM  1000      1548   60,40    1,98    0,00    0,00   62,38     3  java
07:02:14 PM  1000      1548   35,00    2,00    0,00    0,00   37,00     3  java
07:02:15 PM  1000      1548   38,00    2,00    0,00    0,00   40,00     3  java
07:02:16 PM  1000      1548   15,00    0,00    0,00    0,00   15,00     3  java
07:02:17 PM  1000      1548   12,00    1,00    0,00    0,00   13,00     3  java
07:02:18 PM  1000      1548   21,00    0,00    0,00    0,00   21,00     3  java
07:02:19 PM  1000      1548   10,00    1,00    0,00    0,00   11,00     3  java
07:02:20 PM  1000      1548   36,00    1,00    0,00    0,00   37,00     3  java
07:02:21 PM  1000      1548   14,00    2,00    0,00    0,00   16,00     3  java
07:02:22 PM  1000      1548   22,00    0,00    0,00    0,00   22,00     3  java
07:02:23 PM  1000      1548    0,00    1,00    0,00    0,00    1,00     3  java
07:02:24 PM  1000      1548    1,00    0,00    0,00    0,00    1,00     3  java
07:02:25 PM  1000      1548    0,00    0,00    0,00    0,00    0,00     3  java
Average:     1000      1548   17,72    0,80    0,00    0,00   18,52     -  java
