Linux 5.4.0-42-generic (terumi-pc) 	10/15/2020 	_x86_64_	(8 CPU)

07:07:34 PM   UID       PID    %usr %system  %guest   %wait    %CPU   CPU  Command
07:07:35 PM  1000      1548    0,00    0,00    0,00    0,00    0,00     3  java
07:07:36 PM  1000      1548   14,00    1,00    0,00    0,00   15,00     3  java
07:07:37 PM  1000      1548   19,00    2,00    0,00    0,00   21,00     3  java
07:07:38 PM  1000      1548   18,00    0,00    0,00    0,00   18,00     3  java
07:07:39 PM  1000      1548   17,00    0,00    0,00    0,00   17,00     3  java
07:07:40 PM  1000      1548   22,00    1,00    0,00    0,00   23,00     3  java
07:07:41 PM  1000      1548   12,00    1,00    0,00    0,00   13,00     3  java
07:07:42 PM  1000      1548    9,00    1,00    0,00    0,00   10,00     3  java
07:07:43 PM  1000      1548   11,00    1,00    0,00    0,00   12,00     3  java
07:07:44 PM  1000      1548   20,79    0,99    0,00    0,00   21,78     3  java
07:07:45 PM  1000      1548   17,00    0,00    0,00    0,00   17,00     3  java
07:07:46 PM  1000      1548   22,00    2,00    0,00    0,00   24,00     3  java
07:07:47 PM  1000      1548    0,00    0,00    0,00    0,00    0,00     3  java
07:07:48 PM  1000      1548    1,00    0,00    0,00    0,00    1,00     3  java
07:07:49 PM  1000      1548    0,00    0,00    0,00    0,00    0,00     3  java
Average:     1000      1548   12,19    0,67    0,00    0,00   12,86     -  java
