Linux 5.4.0-42-generic (terumi-pc) 	10/15/2020 	_x86_64_	(8 CPU)

07:01:20 PM   UID       PID    %usr %system  %guest   %wait    %CPU   CPU  Command
07:01:21 PM  1000      1548    0,00    0,00    0,00    0,00    0,00     3  java
07:01:22 PM  1000      1548    0,00    0,00    0,00    0,00    0,00     3  java
07:01:23 PM  1000      1548   46,00    1,00    0,00    0,00   47,00     3  java
07:01:24 PM  1000      1548   21,00    2,00    0,00    0,00   23,00     3  java
07:01:25 PM  1000      1548   25,00    1,00    0,00    0,00   26,00     3  java
07:01:26 PM  1000      1548   23,00    0,00    0,00    0,00   23,00     3  java
07:01:27 PM  1000      1548   29,00    2,00    0,00    0,00   31,00     3  java
07:01:28 PM  1000      1548   19,00    0,00    0,00    0,00   19,00     3  java
07:01:29 PM  1000      1548   22,00    0,00    0,00    0,00   22,00     3  java
07:01:30 PM  1000      1548   31,00    3,00    0,00    0,00   34,00     3  java
07:01:31 PM  1000      1548   35,00    2,00    0,00    0,00   37,00     3  java
07:01:32 PM  1000      1548   18,00    2,00    0,00    0,00   20,00     3  java
07:01:33 PM  1000      1548    0,00    0,00    0,00    0,00    0,00     3  java
07:01:34 PM  1000      1548    0,00    0,00    0,00    0,00    0,00     3  java
07:01:35 PM  1000      1548    0,00    0,00    0,00    0,00    0,00     3  java
Average:     1000      1548   17,93    0,87    0,00    0,00   18,80     -  java
