Linux 5.4.0-42-generic (terumi-pc) 	10/15/2020 	_x86_64_	(8 CPU)

06:58:45 PM   UID       PID    %usr %system  %guest   %wait    %CPU   CPU  Command
06:58:46 PM  1000      1548    0,00    0,00    0,00    0,00    0,00     3  java
06:58:47 PM  1000      1548    0,00    0,00    0,00    0,00    0,00     3  java
06:58:48 PM  1000      1548   25,00    2,00    0,00    0,00   27,00     3  java
06:58:49 PM  1000      1548   54,00    2,00    0,00    0,00   56,00     3  java
06:58:50 PM  1000      1548   51,00    0,00    0,00    0,00   51,00     3  java
06:58:51 PM  1000      1548   26,00    1,00    0,00    0,00   27,00     3  java
06:58:52 PM  1000      1548   26,00    2,00    0,00    0,00   28,00     3  java
06:58:53 PM  1000      1548   21,00    0,00    0,00    0,00   21,00     3  java
06:58:54 PM  1000      1548   24,00    2,00    0,00    0,00   26,00     3  java
06:58:55 PM  1000      1548   37,00    1,00    0,00    0,00   38,00     3  java
06:58:56 PM  1000      1548   30,00    3,00    0,00    0,00   33,00     3  java
06:58:57 PM  1000      1548   31,00    2,00    0,00    0,00   33,00     3  java
06:58:58 PM  1000      1548    4,00    0,00    0,00    0,00    4,00     3  java
06:58:59 PM  1000      1548    0,00    0,00    0,00    0,00    0,00     3  java
06:59:00 PM  1000      1548    0,00    0,00    0,00    0,00    0,00     3  java
Average:     1000      1548   21,93    1,00    0,00    0,00   22,93     -  java
