Linux 5.4.0-42-generic (terumi-pc) 	10/15/2020 	_x86_64_	(8 CPU)

06:59:34 PM   UID       PID    %usr %system  %guest   %wait    %CPU   CPU  Command
06:59:35 PM  1000      1548    1,00    0,00    0,00    0,00    1,00     3  java
06:59:36 PM  1000      1548    0,00    0,00    0,00    0,00    0,00     3  java
06:59:37 PM  1000      1548   23,00    1,00    0,00    0,00   24,00     3  java
06:59:38 PM  1000      1548   27,00    1,00    0,00    0,00   28,00     3  java
06:59:39 PM  1000      1548   29,00    2,00    0,00    0,00   31,00     3  java
06:59:40 PM  1000      1548   41,00    0,00    0,00    0,00   41,00     3  java
06:59:41 PM  1000      1548   29,00    2,00    0,00    0,00   31,00     3  java
06:59:42 PM  1000      1548   26,00    0,00    0,00    0,00   26,00     3  java
06:59:43 PM  1000      1548   38,00    1,00    0,00    0,00   39,00     3  java
06:59:44 PM  1000      1548   41,00    1,00    0,00    0,00   42,00     3  java
06:59:45 PM  1000      1548   33,00    0,00    0,00    0,00   33,00     3  java
06:59:46 PM  1000      1548   16,00    1,00    0,00    0,00   17,00     3  java
06:59:47 PM  1000      1548    0,00    0,00    0,00    0,00    0,00     3  java
06:59:48 PM  1000      1548    1,00    0,00    0,00    0,00    1,00     3  java
06:59:49 PM  1000      1548    0,00    0,00    0,00    0,00    0,00     3  java
Average:     1000      1548   20,33    0,60    0,00    0,00   20,93     -  java
