Linux 5.4.0-42-generic (terumi-pc) 	10/15/2020 	_x86_64_	(8 CPU)

08:15:14 PM   UID       PID    %usr %system  %guest   %wait    %CPU   CPU  Command
08:15:15 PM  1000      1562    1,00    0,00    0,00    0,00    1,00     3  java
08:15:16 PM  1000      1562   11,00    2,00    0,00    0,00   13,00     3  java
08:15:17 PM  1000      1562    5,00    1,00    0,00    0,00    6,00     3  java
08:15:18 PM  1000      1562   23,00    1,00    0,00    0,00   24,00     3  java
08:15:19 PM  1000      1562   27,00    3,00    0,00    0,00   30,00     3  java
08:15:20 PM  1000      1562   17,00    1,00    0,00    0,00   18,00     3  java
08:15:21 PM  1000      1562   21,00    2,00    0,00    0,00   23,00     3  java
08:15:22 PM  1000      1562   60,00    2,00    0,00    0,00   62,00     3  java
08:15:23 PM  1000      1562   38,00    1,00    0,00    0,00   39,00     3  java
08:15:24 PM  1000      1562   23,00    3,00    0,00    0,00   26,00     3  java
08:15:25 PM  1000      1562   28,00    1,00    0,00    0,00   29,00     3  java
08:15:26 PM  1000      1562   20,00    2,00    0,00    0,00   22,00     3  java
08:15:27 PM  1000      1562    0,00    0,00    0,00    0,00    0,00     3  java
08:15:28 PM  1000      1562    0,00    0,00    0,00    0,00    0,00     3  java
08:15:29 PM  1000      1562    1,00    0,00    0,00    0,00    1,00     3  java
Average:     1000      1562   18,33    1,27    0,00    0,00   19,60     -  java
