Linux 5.4.0-42-generic (terumi-pc) 	10/15/2020 	_x86_64_	(8 CPU)

08:14:14 PM   UID       PID    %usr %system  %guest   %wait    %CPU   CPU  Command
08:14:15 PM  1000      1562    0,00    0,00    0,00    0,00    0,00     3  java
08:14:16 PM  1000      1562    0,00    0,00    0,00    0,00    0,00     3  java
08:14:17 PM  1000      1562   32,00    1,00    0,00    0,00   33,00     3  java
08:14:18 PM  1000      1562   35,00    4,00    0,00    0,00   39,00     3  java
08:14:19 PM  1000      1562   28,00    1,00    0,00    0,00   29,00     3  java
08:14:20 PM  1000      1562   26,00    0,00    0,00    0,00   26,00     3  java
08:14:21 PM  1000      1562   17,00    2,00    0,00    0,00   19,00     3  java
08:14:22 PM  1000      1562   17,00    1,00    0,00    0,00   18,00     3  java
08:14:23 PM  1000      1562   27,00    1,00    0,00    0,00   28,00     3  java
08:14:24 PM  1000      1562   26,00    2,00    0,00    0,00   28,00     3  java
08:14:25 PM  1000      1562   22,00    3,00    0,00    0,00   25,00     3  java
08:14:26 PM  1000      1562   21,00    0,00    0,00    0,00   21,00     3  java
08:14:27 PM  1000      1562    0,00    1,00    0,00    0,00    1,00     3  java
08:14:28 PM  1000      1562    1,00    0,00    0,00    0,00    1,00     3  java
08:14:29 PM  1000      1562    0,00    0,00    0,00    0,00    0,00     3  java
Average:     1000      1562   16,80    1,07    0,00    0,00   17,87     -  java
