Linux 5.4.0-42-generic (terumi-pc) 	10/15/2020 	_x86_64_	(8 CPU)

08:24:06 PM   UID       PID    %usr %system  %guest   %wait    %CPU   CPU  Command
08:24:07 PM  1000      1562    3,00    0,00    0,00    0,00    3,00     3  java
08:24:08 PM  1000      1562    0,00    0,00    0,00    0,00    0,00     3  java
08:24:09 PM  1000      1562   22,00    2,00    0,00    0,00   24,00     3  java
08:24:10 PM  1000      1562   20,00    1,00    0,00    0,00   21,00     3  java
08:24:11 PM  1000      1562   31,00    1,00    0,00    0,00   32,00     3  java
08:24:12 PM  1000      1562   30,00    1,00    0,00    0,00   31,00     3  java
08:24:13 PM  1000      1562   22,00    1,00    0,00    0,00   23,00     3  java
08:24:14 PM  1000      1562   45,00    2,00    0,00    0,00   47,00     3  java
08:24:15 PM  1000      1562   12,00    1,00    0,00    0,00   13,00     3  java
08:24:16 PM  1000      1562   40,00    1,00    0,00    0,00   41,00     3  java
08:24:17 PM  1000      1562   33,00    1,00    0,00    0,00   34,00     3  java
08:24:18 PM  1000      1562  102,00    0,00    0,00    0,00  102,00     3  java
08:24:19 PM  1000      1562   24,00    3,00    0,00    0,00   27,00     3  java
08:24:20 PM  1000      1562    0,00    0,00    0,00    0,00    0,00     3  java
08:24:21 PM  1000      1562    1,00    0,00    0,00    0,00    1,00     3  java
Average:     1000      1562   25,67    0,93    0,00    0,00   26,60     -  java
