Linux 5.4.0-42-generic (terumi-pc) 	10/15/2020 	_x86_64_	(8 CPU)

08:18:11 PM   UID       PID    %usr %system  %guest   %wait    %CPU   CPU  Command
08:18:12 PM  1000      1562    1,00    0,00    0,00    0,00    1,00     3  java
08:18:13 PM  1000      1562    0,00    0,00    0,00    0,00    0,00     3  java
08:18:14 PM  1000      1562   34,00    2,00    0,00    0,00   36,00     3  java
08:18:15 PM  1000      1562   18,00    1,00    0,00    0,00   19,00     3  java
08:18:16 PM  1000      1562   29,00    2,00    0,00    0,00   31,00     3  java
08:18:17 PM  1000      1562   35,00    2,00    0,00    0,00   37,00     3  java
08:18:18 PM  1000      1562   50,00    1,00    0,00    0,00   51,00     3  java
08:18:19 PM  1000      1562   38,00    2,00    0,00    0,00   40,00     3  java
08:18:20 PM  1000      1562   29,00    2,00    0,00    0,00   31,00     3  java
08:18:21 PM  1000      1562   34,00    2,00    0,00    0,00   36,00     3  java
08:18:22 PM  1000      1562   41,00    2,00    0,00    0,00   43,00     3  java
08:18:23 PM  1000      1562   20,00    2,00    0,00    0,00   22,00     3  java
08:18:24 PM  1000      1562    0,00    0,00    0,00    0,00    0,00     3  java
08:18:25 PM  1000      1562    0,00    0,00    0,00    0,00    0,00     3  java
08:18:26 PM  1000      1562    0,00    0,00    0,00    0,00    0,00     3  java
Average:     1000      1562   21,93    1,20    0,00    0,00   23,13     -  java
