Linux 5.4.0-42-generic (terumi-pc) 	10/15/2020 	_x86_64_	(8 CPU)

08:20:41 PM   UID       PID    %usr %system  %guest   %wait    %CPU   CPU  Command
08:20:42 PM  1000      1562    0,00    0,00    0,00    0,00    0,00     3  java
08:20:43 PM  1000      1562    0,00    0,00    0,00    0,00    0,00     3  java
08:20:44 PM  1000      1562   20,00    1,00    0,00    0,00   21,00     3  java
08:20:45 PM  1000      1562   23,00    3,00    0,00    0,00   26,00     3  java
08:20:46 PM  1000      1562   15,00    2,00    0,00    0,00   17,00     3  java
08:20:47 PM  1000      1562   28,00    1,00    0,00    0,00   29,00     3  java
08:20:48 PM  1000      1562   23,00    1,00    0,00    0,00   24,00     3  java
08:20:49 PM  1000      1562   67,00    1,00    0,00    0,00   68,00     3  java
08:20:50 PM  1000      1562   22,00    1,00    0,00    0,00   23,00     3  java
08:20:51 PM  1000      1562   35,00    1,00    0,00    0,00   36,00     3  java
08:20:52 PM  1000      1562   43,56    0,99    0,00    0,00   44,55     3  java
08:20:53 PM  1000      1562   36,00    2,00    0,00    0,00   38,00     3  java
08:20:54 PM  1000      1562   31,00    0,00    0,00    0,00   31,00     3  java
08:20:55 PM  1000      1562    0,00    0,00    0,00    0,00    0,00     3  java
08:20:56 PM  1000      1562    0,00    0,00    0,00    0,00    0,00     3  java
Average:     1000      1562   22,92    0,93    0,00    0,00   23,85     -  java
