Linux 5.4.0-42-generic (terumi-pc) 	10/15/2020 	_x86_64_	(8 CPU)

08:22:21 PM   UID       PID    %usr %system  %guest   %wait    %CPU   CPU  Command
08:22:22 PM  1000      1562    0,00    0,00    0,00    0,00    0,00     3  java
08:22:23 PM  1000      1562    1,00    0,00    0,00    0,00    1,00     3  java
08:22:24 PM  1000      1562   27,00    4,00    0,00    0,00   31,00     3  java
08:22:25 PM  1000      1562   18,00    1,00    0,00    0,00   19,00     3  java
08:22:26 PM  1000      1562   29,00    3,00    0,00    0,00   32,00     3  java
08:22:27 PM  1000      1562   24,00    3,00    0,00    0,00   27,00     3  java
08:22:28 PM  1000      1562   27,00    3,00    0,00    0,00   30,00     3  java
08:22:29 PM  1000      1562   25,00    4,00    0,00    0,00   29,00     3  java
08:22:30 PM  1000      1562   16,00    1,00    0,00    0,00   17,00     3  java
08:22:31 PM  1000      1562   22,00    3,00    0,00    0,00   25,00     3  java
08:22:32 PM  1000      1562   40,00    1,00    0,00    0,00   41,00     3  java
08:22:33 PM  1000      1562   29,00    2,00    0,00    0,00   31,00     3  java
08:22:34 PM  1000      1562    8,00    0,00    0,00    0,00    8,00     3  java
08:22:35 PM  1000      1562    1,00    0,00    0,00    0,00    1,00     3  java
08:22:36 PM  1000      1562    0,00    0,00    0,00    0,00    0,00     3  java
Average:     1000      1562   17,80    1,67    0,00    0,00   19,47     -  java
