Linux 5.4.0-42-generic (terumi-pc) 	10/15/2020 	_x86_64_	(8 CPU)

08:19:00 PM   UID       PID    %usr %system  %guest   %wait    %CPU   CPU  Command
08:19:01 PM  1000      1562    0,00    0,00    0,00    0,00    0,00     3  java
08:19:02 PM  1000      1562    0,00    0,00    0,00    0,00    0,00     3  java
08:19:03 PM  1000      1562   19,00    3,00    0,00    0,00   22,00     3  java
08:19:04 PM  1000      1562   30,00    2,00    0,00    0,00   32,00     3  java
08:19:05 PM  1000      1562   47,00    0,00    0,00    0,00   47,00     3  java
08:19:06 PM  1000      1562   52,00    1,00    0,00    0,00   53,00     3  java
08:19:07 PM  1000      1562   52,00    2,00    0,00    0,00   54,00     3  java
08:19:08 PM  1000      1562   37,00    2,00    0,00    0,00   39,00     3  java
08:19:09 PM  1000      1562   38,00    3,00    0,00    0,00   41,00     3  java
08:19:10 PM  1000      1562   36,00    0,00    0,00    0,00   36,00     3  java
08:19:11 PM  1000      1562   75,00    1,00    0,00    0,00   76,00     3  java
08:19:12 PM  1000      1562   39,00    1,00    0,00    0,00   40,00     3  java
08:19:13 PM  1000      1562   70,00    0,00    0,00    0,00   70,00     3  java
08:19:14 PM  1000      1562   12,00    0,00    0,00    0,00   12,00     3  java
08:19:15 PM  1000      1562    0,00    0,00    0,00    0,00    0,00     3  java
Average:     1000      1562   33,80    1,00    0,00    0,00   34,80     -  java
