Linux 5.4.0-42-generic (terumi-pc) 	10/15/2020 	_x86_64_	(8 CPU)

09:30:46 PM   UID       PID    %usr %system  %guest   %wait    %CPU   CPU  Command
09:30:47 PM  1000      1534    0,00    0,00    0,00    0,00    0,00     7  java
09:30:48 PM  1000      1534    1,00    0,00    0,00    0,00    1,00     7  java
09:30:49 PM  1000      1534   31,00    3,00    0,00    0,00   34,00     7  java
09:30:50 PM  1000      1534   31,00    3,00    0,00    0,00   34,00     7  java
09:30:51 PM  1000      1534   46,00    3,00    0,00    0,00   49,00     7  java
09:30:52 PM  1000      1534  115,00    5,00    0,00    0,00  120,00     7  java
09:30:53 PM  1000      1534   58,00    4,00    0,00    0,00   62,00     7  java
09:30:54 PM  1000      1534  142,00    4,00    0,00    0,00  146,00     7  java
09:30:55 PM  1000      1534   72,00    2,00    0,00    0,00   74,00     7  java
09:30:56 PM  1000      1534   71,00    2,00    0,00    0,00   73,00     7  java
09:30:57 PM  1000      1534   44,00    4,00    0,00    0,00   48,00     7  java
09:30:58 PM  1000      1534   64,00    5,00    0,00    0,00   69,00     7  java
09:30:59 PM  1000      1534   53,00    4,00    0,00    0,00   57,00     7  java
09:31:00 PM  1000      1534    0,00    0,00    0,00    0,00    0,00     7  java
09:31:01 PM  1000      1534    0,00    0,00    0,00    0,00    0,00     7  java
Average:     1000      1534   48,50    2,60    0,00    0,00   51,10     -  java
