Linux 5.4.0-42-generic (terumi-pc) 	10/15/2020 	_x86_64_	(8 CPU)

09:35:31 PM   UID       PID    %usr %system  %guest   %wait    %CPU   CPU  Command
09:35:32 PM  1000      1534    0,00    0,00    0,00    0,00    0,00     7  java
09:35:33 PM  1000      1534    0,00    0,00    0,00    0,00    0,00     7  java
09:35:34 PM  1000      1534    0,00    0,00    0,00    0,00    0,00     7  java
09:35:35 PM  1000      1534   19,00    4,00    0,00    0,00   23,00     7  java
09:35:36 PM  1000      1534   86,00    4,00    0,00    0,00   90,00     7  java
09:35:37 PM  1000      1534   63,00    2,00    0,00    0,00   65,00     7  java
09:35:38 PM  1000      1534   47,00    2,00    0,00    0,00   49,00     7  java
09:35:39 PM  1000      1534   78,00    1,00    0,00    0,00   79,00     7  java
09:35:40 PM  1000      1534   32,00    2,00    0,00    0,00   34,00     7  java
09:35:41 PM  1000      1534   17,00    2,00    0,00    0,00   19,00     7  java
09:35:42 PM  1000      1534   44,00    5,00    0,00    0,00   49,00     7  java
09:35:43 PM  1000      1534   44,00    4,00    0,00    0,00   48,00     7  java
09:35:44 PM  1000      1534   17,00    4,00    0,00    0,00   21,00     7  java
09:35:45 PM  1000      1534    0,00    0,00    0,00    0,00    0,00     7  java
09:35:46 PM  1000      1534    0,00    0,00    0,00    0,00    0,00     7  java
Average:     1000      1534   29,80    2,00    0,00    0,00   31,80     -  java
