Linux 5.4.0-42-generic (terumi-pc) 	10/15/2020 	_x86_64_	(8 CPU)

09:37:16 PM   UID       PID    %usr %system  %guest   %wait    %CPU   CPU  Command
09:37:17 PM  1000      1534    0,00    0,00    0,00    0,00    0,00     7  java
09:37:18 PM  1000      1534    0,00    0,00    0,00    0,00    0,00     7  java
09:37:19 PM  1000      1534   15,00    1,00    0,00    0,00   16,00     7  java
09:37:20 PM  1000      1534    5,00    0,00    0,00    0,00    5,00     7  java
09:37:21 PM  1000      1534   34,00    1,00    0,00    0,00   35,00     7  java
09:37:22 PM  1000      1534   24,00    4,00    0,00    0,00   28,00     7  java
09:37:23 PM  1000      1534   30,00    3,00    0,00    0,00   33,00     7  java
09:37:24 PM  1000      1534   42,00    4,00    0,00    0,00   46,00     7  java
09:37:25 PM  1000      1534   41,00    6,00    0,00    0,00   47,00     7  java
09:37:26 PM  1000      1534   29,00    6,00    0,00    0,00   35,00     7  java
09:37:27 PM  1000      1534   73,00    4,00    0,00    0,00   77,00     7  java
09:37:28 PM  1000      1534   45,00    4,00    0,00    0,00   49,00     7  java
09:37:29 PM  1000      1534   33,00    3,00    0,00    0,00   36,00     7  java
09:37:30 PM  1000      1534    0,00    0,00    0,00    0,00    0,00     7  java
09:37:31 PM  1000      1534    0,00    0,00    0,00    0,00    0,00     7  java
Average:     1000      1534   24,73    2,40    0,00    0,00   27,13     -  java
