Linux 5.4.0-42-generic (terumi-pc) 	10/15/2020 	_x86_64_	(8 CPU)

09:38:37 PM   UID       PID    %usr %system  %guest   %wait    %CPU   CPU  Command
09:38:38 PM  1000      1534    0,00    0,00    0,00    0,00    0,00     7  java
09:38:39 PM  1000      1534    0,00    0,00    0,00    0,00    0,00     7  java
09:38:40 PM  1000      1534   16,00    1,00    0,00    0,00   17,00     7  java
09:38:41 PM  1000      1534   27,00    4,00    0,00    0,00   31,00     7  java
09:38:42 PM  1000      1534   36,00    4,00    0,00    0,00   40,00     7  java
09:38:43 PM  1000      1534   25,00    3,00    0,00    0,00   28,00     7  java
09:38:44 PM  1000      1534   16,00    1,00    0,00    0,00   17,00     7  java
09:38:45 PM  1000      1534   45,00    3,00    0,00    0,00   48,00     7  java
09:38:46 PM  1000      1534   54,00    6,00    0,00    0,00   60,00     7  java
09:38:47 PM  1000      1534   57,00    5,00    0,00    0,00   62,00     7  java
09:38:48 PM  1000      1534   39,60    3,96    0,00    0,00   43,56     7  java
09:38:49 PM  1000      1534   32,00    5,00    0,00    0,00   37,00     7  java
09:38:50 PM  1000      1534   28,00    5,00    0,00    0,00   33,00     7  java
09:38:51 PM  1000      1534    0,00    0,00    0,00    0,00    0,00     7  java
09:38:52 PM  1000      1534    0,00    0,00    0,00    0,00    0,00     7  java
Average:     1000      1534   25,05    2,73    0,00    0,00   27,78     -  java
