Linux 5.4.0-42-generic (terumi-pc) 	10/15/2020 	_x86_64_	(8 CPU)

09:36:21 PM   UID       PID    %usr %system  %guest   %wait    %CPU   CPU  Command
09:36:22 PM  1000      1534    0,00    0,00    0,00    0,00    0,00     7  java
09:36:23 PM  1000      1534    1,00    0,00    0,00    0,00    1,00     7  java
09:36:24 PM  1000      1534   15,00    2,00    0,00    0,00   17,00     7  java
09:36:25 PM  1000      1534    3,00    1,00    0,00    0,00    4,00     7  java
09:36:26 PM  1000      1534   79,00    2,00    0,00    0,00   81,00     7  java
09:36:27 PM  1000      1534   30,00    4,00    0,00    0,00   34,00     7  java
09:36:28 PM  1000      1534   29,00    2,00    0,00    0,00   31,00     7  java
09:36:29 PM  1000      1534   34,00    3,00    0,00    0,00   37,00     7  java
09:36:30 PM  1000      1534   44,00    4,00    0,00    0,00   48,00     7  java
09:36:31 PM  1000      1534   29,00    4,00    0,00    0,00   33,00     7  java
09:36:32 PM  1000      1534   37,00    4,00    0,00    0,00   41,00     7  java
09:36:33 PM  1000      1534   38,00    2,00    0,00    0,00   40,00     7  java
09:36:34 PM  1000      1534   74,00    3,00    0,00    0,00   77,00     7  java
09:36:35 PM  1000      1534    0,00    0,00    0,00    0,00    0,00     7  java
09:36:36 PM  1000      1534    0,00    0,00    0,00    0,00    0,00     7  java
Average:     1000      1534   27,53    2,07    0,00    0,00   29,60     -  java
