Linux 5.4.0-42-generic (terumi-pc) 	10/15/2020 	_x86_64_	(8 CPU)

09:32:50 PM   UID       PID    %usr %system  %guest   %wait    %CPU   CPU  Command
09:32:51 PM  1000      1534    0,00    0,00    0,00    0,00    0,00     7  java
09:32:52 PM  1000      1534    1,00    0,00    0,00    0,00    1,00     7  java
09:32:53 PM  1000      1534    0,00    0,00    0,00    0,00    0,00     7  java
09:32:54 PM  1000      1534   33,00    2,00    0,00    0,00   35,00     7  java
09:32:55 PM  1000      1534   24,00    1,00    0,00    0,00   25,00     7  java
09:32:56 PM  1000      1534   72,00    3,00    0,00    0,00   75,00     7  java
09:32:57 PM  1000      1534   49,00    3,00    0,00    0,00   52,00     7  java
09:32:58 PM  1000      1534   34,00    3,00    0,00    0,00   37,00     7  java
09:32:59 PM  1000      1534   38,00    4,00    0,00    0,00   42,00     7  java
09:33:00 PM  1000      1534   78,00    8,00    0,00    0,00   86,00     7  java
09:33:01 PM  1000      1534  132,00    2,00    0,00    0,00  134,00     7  java
09:33:02 PM  1000      1534  130,00    3,00    0,00    0,00  133,00     7  java
09:33:03 PM  1000      1534  139,00    2,00    0,00    0,00  141,00     7  java
09:33:04 PM  1000      1534   85,00    2,00    0,00    0,00   87,00     7  java
09:33:05 PM  1000      1534    0,00    0,00    0,00    0,00    0,00     7  java
Average:     1000      1534   54,33    2,20    0,00    0,00   56,53     -  java
