Linux 5.4.0-42-generic (terumi-pc) 	10/15/2020 	_x86_64_	(8 CPU)

09:31:37 PM   UID       PID    %usr %system  %guest   %wait    %CPU   CPU  Command
09:31:38 PM  1000      1534    0,00    0,00    0,00    0,00    0,00     7  java
09:31:39 PM  1000      1534    0,00    0,00    0,00    0,00    0,00     7  java
09:31:40 PM  1000      1534    0,00    0,00    0,00    0,00    0,00     7  java
09:31:41 PM  1000      1534   31,00    4,00    0,00    0,00   35,00     7  java
09:31:42 PM  1000      1534   46,53    1,98    0,00    0,00   48,51     7  java
09:31:43 PM  1000      1534  100,00    4,00    0,00    0,00  104,00     7  java
09:31:44 PM  1000      1534   55,00    2,00    0,00    0,00   57,00     7  java
09:31:45 PM  1000      1534  105,00    1,00    0,00    0,00  106,00     7  java
09:31:46 PM  1000      1534  108,00    4,00    0,00    0,00  112,00     7  java
09:31:47 PM  1000      1534  138,00    5,00    0,00    0,00  143,00     7  java
09:31:48 PM  1000      1534  149,00    2,00    0,00    0,00  151,00     7  java
09:31:49 PM  1000      1534  156,00    4,00    0,00    0,00  160,00     7  java
09:31:50 PM  1000      1534   81,00    4,00    0,00    0,00   85,00     7  java
09:31:51 PM  1000      1534   35,00    0,00    0,00    0,00   35,00     7  java
09:31:52 PM  1000      1534    1,00    0,00    0,00    0,00    1,00     7  java
Average:     1000      1534   67,02    2,13    0,00    0,00   69,15     -  java
