Linux 5.4.0-42-generic (terumi-pc) 	10/15/2020 	_x86_64_	(8 CPU)

09:43:11 PM   UID       PID    %usr %system  %guest   %wait    %CPU   CPU  Command
09:43:12 PM  1000      1534    1,00    0,00    0,00    0,00    1,00     7  java
09:43:13 PM  1000      1534    0,00    0,00    0,00    0,00    0,00     7  java
09:43:14 PM  1000      1534   18,00    3,00    0,00    0,00   21,00     7  java
09:43:15 PM  1000      1534   18,00    3,00    0,00    0,00   21,00     7  java
09:43:16 PM  1000      1534   26,00    3,00    0,00    0,00   29,00     7  java
09:43:17 PM  1000      1534   28,00    1,00    0,00    0,00   29,00     7  java
09:43:18 PM  1000      1534   40,00    3,00    0,00    0,00   43,00     7  java
09:43:19 PM  1000      1534   33,00    6,00    0,00    0,00   39,00     7  java
09:43:20 PM  1000      1534   15,00    3,00    0,00    0,00   18,00     7  java
09:43:21 PM  1000      1534   22,00    1,00    0,00    0,00   23,00     7  java
09:43:22 PM  1000      1534   70,00    1,00    0,00    0,00   71,00     7  java
09:43:23 PM  1000      1534   22,00    3,00    0,00    0,00   25,00     7  java
09:43:24 PM  1000      1534    0,00    0,00    0,00    0,00    0,00     7  java
09:43:25 PM  1000      1534    1,00    0,00    0,00    0,00    1,00     7  java
09:43:26 PM  1000      1534    0,00    0,00    0,00    0,00    0,00     7  java
Average:     1000      1534   19,60    1,80    0,00    0,00   21,40     -  java
