Linux 5.4.0-42-generic (terumi-pc) 	10/15/2020 	_x86_64_	(8 CPU)

10:02:55 PM   UID       PID  minflt/s  majflt/s     VSZ     RSS   %MEM  Command
10:02:56 PM  1000      1535      0,00      0,00 1918228  789864   9,83  java
10:02:57 PM  1000      1535      1,00      0,00 1918228  789864   9,83  java
10:02:58 PM  1000      1535      1,00      0,00 1918228  789864   9,83  java
10:02:59 PM  1000      1535      2,00      0,00 1918228  789864   9,83  java
10:03:00 PM  1000      1535      1,00      0,00 1918228  789864   9,83  java
10:03:01 PM  1000      1535      2,00      0,00 1918228  789972   9,83  java
10:03:02 PM  1000      1535      0,00      0,00 1918228  789972   9,83  java
10:03:03 PM  1000      1535      1,00      0,00 1918228  789972   9,83  java
10:03:04 PM  1000      1535      4,00      0,00 1918228  789972   9,83  java
10:03:05 PM  1000      1535      1,00      0,00 1918228  789972   9,83  java
10:03:06 PM  1000      1535      4,00      0,00 1918228  789972   9,83  java
10:03:07 PM  1000      1535      0,00      0,00 1918228  789972   9,83  java
10:03:08 PM  1000      1535      0,00      0,00 1918228  789972   9,83  java
10:03:09 PM  1000      1535      0,00      0,00 1918228  789972   9,83  java
10:03:10 PM  1000      1535      0,00      0,00 1918228  790052   9,83  java
Average:     1000      1535      1,13      0,00 1918228  789941   9,83  java
