Linux 5.4.0-42-generic (terumi-pc) 	10/15/2020 	_x86_64_	(8 CPU)

09:57:48 PM   UID       PID  minflt/s  majflt/s     VSZ     RSS   %MEM  Command
09:57:49 PM  1000      1535      0,00      0,00 1895612  788260   9,81  java
09:57:50 PM  1000      1535      0,00      0,00 1895612  788260   9,81  java
09:57:51 PM  1000      1535    198,00      0,00 1901780  788340   9,81  java
09:57:52 PM  1000      1535     12,00      0,00 1901780  788360   9,81  java
09:57:53 PM  1000      1535      8,00      0,00 1901780  788360   9,81  java
09:57:54 PM  1000      1535      8,00      0,00 1901780  788460   9,81  java
09:57:55 PM  1000      1535      3,00      0,00 1901780  788460   9,81  java
09:57:56 PM  1000      1535      6,00      0,00 1901780  788460   9,81  java
09:57:57 PM  1000      1535      0,00      0,00 1901780  788460   9,81  java
09:57:58 PM  1000      1535     15,00      0,00 1901780  788524   9,81  java
09:57:59 PM  1000      1535     30,00      0,00 1902808  788644   9,81  java
09:58:00 PM  1000      1535     46,00      0,00 1902808  788740   9,82  java
09:58:01 PM  1000      1535     34,00      0,00 1902808  788812   9,82  java
09:58:02 PM  1000      1535      1,00      0,00 1902808  788928   9,82  java
09:58:03 PM  1000      1535      0,00      0,00 1902808  788928   9,82  java
Average:     1000      1535     24,05      0,00 1901300  788533   9,81  java
