Linux 5.4.0-42-generic (terumi-pc) 	10/15/2020 	_x86_64_	(8 CPU)

10:01:11 PM   UID       PID  minflt/s  majflt/s     VSZ     RSS   %MEM  Command
10:01:12 PM  1000      1535      0,00      0,00 1914116  789716   9,83  java
10:01:13 PM  1000      1535      0,00      0,00 1914116  789716   9,83  java
10:01:14 PM  1000      1535      0,00      0,00 1914116  789716   9,83  java
10:01:15 PM  1000      1535    187,00      0,00 1915144  789716   9,83  java
10:01:16 PM  1000      1535      7,00      0,00 1915144  789716   9,83  java
10:01:17 PM  1000      1535      4,00      0,00 1915144  789788   9,83  java
10:01:18 PM  1000      1535      0,00      0,00 1915144  789788   9,83  java
10:01:19 PM  1000      1535      0,00      0,00 1915144  789788   9,83  java
10:01:20 PM  1000      1535     20,00      0,00 1917200  789788   9,83  java
10:01:21 PM  1000      1535      4,00      0,00 1917200  789788   9,83  java
10:01:22 PM  1000      1535     11,00      0,00 1917200  789856   9,83  java
10:01:23 PM  1000      1535      0,00      0,00 1917200  789856   9,83  java
10:01:24 PM  1000      1535      0,00      0,00 1917200  789856   9,83  java
10:01:25 PM  1000      1535      1,00      0,00 1917200  789856   9,83  java
10:01:26 PM  1000      1535      0,00      0,00 1917200  789856   9,83  java
Average:     1000      1535     15,60      0,00 1915898  789787   9,83  java
