Linux 5.4.0-42-generic (terumi-pc) 	10/15/2020 	_x86_64_	(8 CPU)

09:58:39 PM   UID       PID  minflt/s  majflt/s     VSZ     RSS   %MEM  Command
09:58:40 PM  1000      1535      0,00      0,00 1902808  789132   9,82  java
09:58:41 PM  1000      1535      0,00      0,00 1902808  789132   9,82  java
09:58:42 PM  1000      1535    224,00      0,00 1910004  789132   9,82  java
09:58:43 PM  1000      1535      7,00      0,00 1910004  789132   9,82  java
09:58:44 PM  1000      1535      1,00      0,00 1910004  789132   9,82  java
09:58:45 PM  1000      1535      0,00      0,00 1910004  789132   9,82  java
09:58:46 PM  1000      1535      0,00      0,00 1910004  789156   9,82  java
09:58:47 PM  1000      1535      7,00      0,00 1910004  789156   9,82  java
09:58:48 PM  1000      1535    151,00      0,00 1914116  789440   9,82  java
09:58:49 PM  1000      1535      0,00      0,00 1914116  789440   9,82  java
09:58:50 PM  1000      1535     12,00      0,00 1914116  789484   9,82  java
09:58:51 PM  1000      1535      0,00      0,00 1914116  789484   9,82  java
09:58:52 PM  1000      1535      5,00      0,00 1914116  789484   9,82  java
09:58:53 PM  1000      1535      0,00      0,00 1914116  789484   9,82  java
09:58:54 PM  1000      1535      0,00      0,00 1914116  789484   9,82  java
Average:     1000      1535     27,13      0,00 1910963  789294   9,82  java
