Linux 5.4.0-42-generic (terumi-pc) 	10/15/2020 	_x86_64_	(8 CPU)

09:56:56 PM   UID       PID  minflt/s  majflt/s     VSZ     RSS   %MEM  Command
09:56:57 PM  1000      1535      2,00      0,00 1889444  786952   9,79  java
09:56:58 PM  1000      1535      0,00      0,00 1889444  786952   9,79  java
09:56:59 PM  1000      1535    747,00      0,00 1889444  787192   9,80  java
09:57:00 PM  1000      1535     34,00      0,00 1889444  787204   9,80  java
09:57:01 PM  1000      1535    149,00      0,00 1889444  787204   9,80  java
09:57:02 PM  1000      1535     17,00      0,00 1889444  787328   9,80  java
09:57:03 PM  1000      1535      7,00      0,00 1889444  787328   9,80  java
09:57:04 PM  1000      1535      0,00      0,00 1889444  787328   9,80  java
09:57:05 PM  1000      1535    173,00      0,00 1895612  787328   9,80  java
09:57:06 PM  1000      1535     50,00      0,00 1895612  787476   9,80  java
09:57:07 PM  1000      1535     90,00      0,00 1895612  787740   9,80  java
09:57:08 PM  1000      1535     52,00      0,00 1895612  788076   9,81  java
09:57:09 PM  1000      1535     28,00      0,00 1895612  788140   9,81  java
09:57:10 PM  1000      1535      0,00      0,00 1895612  788140   9,81  java
09:57:11 PM  1000      1535      0,00      0,00 1895612  788140   9,81  java
Average:     1000      1535     89,93      0,00 1892322  787502   9,80  java
