Linux 5.4.0-42-generic (terumi-pc) 	10/15/2020 	_x86_64_	(8 CPU)

10:00:20 PM   UID       PID  minflt/s  majflt/s     VSZ     RSS   %MEM  Command
10:00:21 PM  1000      1535      0,00      0,00 1914116  789632   9,83  java
10:00:22 PM  1000      1535      3,00      0,00 1914116  789632   9,83  java
10:00:23 PM  1000      1535      2,00      0,00 1914116  789632   9,83  java
10:00:24 PM  1000      1535    217,00      0,00 1914116  789632   9,83  java
10:00:25 PM  1000      1535      1,00      0,00 1914116  789648   9,83  java
10:00:26 PM  1000      1535      7,00      0,00 1914116  789716   9,83  java
10:00:27 PM  1000      1535      1,00      0,00 1914116  789716   9,83  java
10:00:28 PM  1000      1535      3,00      0,00 1914116  789716   9,83  java
10:00:29 PM  1000      1535      0,00      0,00 1914116  789716   9,83  java
10:00:30 PM  1000      1535      4,00      0,00 1914116  789716   9,83  java
10:00:31 PM  1000      1535      0,00      0,00 1914116  789716   9,83  java
10:00:32 PM  1000      1535      0,00      0,00 1914116  789716   9,83  java
10:00:33 PM  1000      1535      0,00      0,00 1914116  789716   9,83  java
10:00:34 PM  1000      1535      0,00      0,00 1914116  789716   9,83  java
10:00:35 PM  1000      1535      0,00      0,00 1914116  789716   9,83  java
Average:     1000      1535     15,87      0,00 1914116  789689   9,83  java
