Linux 5.4.0-42-generic (terumi-pc) 	10/15/2020 	_x86_64_	(8 CPU)

10:05:57 PM   UID       PID  minflt/s  majflt/s     VSZ     RSS   %MEM  Command
10:05:58 PM  1000      1535      1,00      0,00 1910004  789636   9,83  java
10:05:59 PM  1000      1535      0,00      0,00 1910004  789636   9,83  java
10:06:00 PM  1000      1535      2,00      0,00 1910004  789636   9,83  java
10:06:01 PM  1000      1535      1,00      0,00 1910004  789668   9,83  java
10:06:02 PM  1000      1535    151,00      0,00 1910004  789668   9,83  java
10:06:03 PM  1000      1535      0,00      0,00 1910004  789668   9,83  java
10:06:04 PM  1000      1535     56,00      0,00 1912060  789668   9,83  java
10:06:05 PM  1000      1535      1,00      0,00 1912060  789668   9,83  java
10:06:06 PM  1000      1535      0,00      0,00 1912060  789668   9,83  java
10:06:07 PM  1000      1535      0,00      0,00 1912060  789668   9,83  java
10:06:08 PM  1000      1535      0,00      0,00 1912060  789668   9,83  java
10:06:09 PM  1000      1535      0,00      0,00 1912060  789668   9,83  java
10:06:10 PM  1000      1535     21,00      0,00 1912060  789828   9,83  java
10:06:11 PM  1000      1535      0,00      0,00 1912060  789828   9,83  java
10:06:12 PM  1000      1535      0,00      0,00 1912060  789828   9,83  java
Average:     1000      1535     15,52      0,00 1911238  789694   9,83  java
