Linux 5.4.0-42-generic (terumi-pc) 	10/15/2020 	_x86_64_	(8 CPU)

10:08:11 PM   UID       PID  minflt/s  majflt/s     VSZ     RSS   %MEM  Command
10:08:12 PM  1000      1535      0,00      0,00 1898696  789840   9,83  java
10:08:13 PM  1000      1535      1,00      0,00 1898696  789860   9,83  java
10:08:14 PM  1000      1535     47,00      0,00 1900752  789860   9,83  java
10:08:15 PM  1000      1535    183,00      0,00 1905892  789860   9,83  java
10:08:16 PM  1000      1535      4,00      0,00 1905892  789860   9,83  java
10:08:17 PM  1000      1535      2,00      0,00 1905892  789932   9,83  java
10:08:18 PM  1000      1535      1,00      0,00 1905892  789932   9,83  java
10:08:19 PM  1000      1535     54,00      0,00 1907948  789932   9,83  java
10:08:20 PM  1000      1535      6,00      0,00 1907948  789932   9,83  java
10:08:21 PM  1000      1535      2,00      0,00 1907948  789932   9,83  java
10:08:22 PM  1000      1535     30,00      0,00 1907948  790012   9,83  java
10:08:23 PM  1000      1535      0,00      0,00 1907948  790012   9,83  java
10:08:24 PM  1000      1535      0,00      0,00 1907948  790012   9,83  java
10:08:25 PM  1000      1535      0,00      0,00 1907948  790012   9,83  java
10:08:26 PM  1000      1535      0,00      0,00 1907948  790012   9,83  java
Average:     1000      1535     22,00      0,00 1905686  789933   9,83  java
