Linux 5.4.0-42-generic (terumi-pc) 	10/15/2020 	_x86_64_	(8 CPU)

10:07:09 PM   UID       PID  minflt/s  majflt/s     VSZ     RSS   %MEM  Command
10:07:10 PM  1000      1535      0,00      0,00 1889444  789688   9,83  java
10:07:11 PM  1000      1535      0,00      0,00 1889444  789688   9,83  java
10:07:12 PM  1000      1535    680,00      0,00 1889444  789688   9,83  java
10:07:13 PM  1000      1535     41,00      0,00 1889444  789756   9,83  java
10:07:14 PM  1000      1535      0,00      0,00 1889444  789756   9,83  java
10:07:15 PM  1000      1535      2,00      0,00 1889444  789756   9,83  java
10:07:16 PM  1000      1535      0,00      0,00 1889444  789756   9,83  java
10:07:17 PM  1000      1535      1,00      0,00 1889444  789756   9,83  java
10:07:18 PM  1000      1535      1,00      0,00 1889444  789756   9,83  java
10:07:19 PM  1000      1535      0,00      0,00 1889444  789756   9,83  java
10:07:20 PM  1000      1535     17,00      0,00 1889444  789756   9,83  java
10:07:21 PM  1000      1535    312,00      0,00 1896640  789820   9,83  java
10:07:22 PM  1000      1535      0,00      0,00 1896640  789820   9,83  java
10:07:23 PM  1000      1535      0,00      0,00 1896640  789820   9,83  java
10:07:24 PM  1000      1535      0,00      0,00 1896640  789820   9,83  java
Average:     1000      1535     70,27      0,00 1891363  789759   9,83  java
