Linux 5.4.0-42-generic (terumi-pc) 	10/15/2020 	_x86_64_	(8 CPU)

10:04:06 PM   UID       PID  minflt/s  majflt/s     VSZ     RSS   %MEM  Command
10:04:07 PM  1000      1535      0,00      0,00 1905892  789860   9,83  java
10:04:08 PM  1000      1535      0,00      0,00 1889444  789572   9,83  java
10:04:09 PM  1000      1535    601,00      0,00 1889444  789572   9,83  java
10:04:10 PM  1000      1535    266,00      0,00 1891500  789572   9,83  java
10:04:11 PM  1000      1535      8,00      0,00 1891500  789572   9,83  java
10:04:12 PM  1000      1535    189,00      0,00 1898696  789572   9,83  java
10:04:13 PM  1000      1535      4,00      0,00 1898696  789572   9,83  java
10:04:14 PM  1000      1535      3,00      0,00 1898696  789636   9,83  java
10:04:15 PM  1000      1535    164,00      0,00 1904864  789636   9,83  java
10:04:16 PM  1000      1535      0,00      0,00 1904864  789636   9,83  java
10:04:17 PM  1000      1535      0,00      0,00 1904864  789636   9,83  java
10:04:18 PM  1000      1535      4,00      0,00 1904864  789636   9,83  java
10:04:19 PM  1000      1535      0,00      0,00 1904864  789636   9,83  java
10:04:20 PM  1000      1535      0,00      0,00 1904864  789636   9,83  java
10:04:21 PM  1000      1535      0,00      0,00 1904864  789636   9,83  java
Average:     1000      1535     82,60      0,00 1899861  789625   9,83  java
