Linux 5.4.0-42-generic (terumi-pc) 	10/15/2020 	_x86_64_	(8 CPU)

10:04:58 PM   UID       PID  minflt/s  majflt/s     VSZ     RSS   %MEM  Command
10:04:59 PM  1000      1535      0,00      0,00 1904864  789636   9,83  java
10:05:00 PM  1000      1535      0,00      0,00 1904864  789636   9,83  java
10:05:01 PM  1000      1535    132,00      0,00 1910004  789636   9,83  java
10:05:02 PM  1000      1535      4,00      0,00 1910004  789636   9,83  java
10:05:03 PM  1000      1535      2,00      0,00 1910004  789636   9,83  java
10:05:04 PM  1000      1535      3,00      0,00 1910004  789636   9,83  java
10:05:05 PM  1000      1535      1,00      0,00 1910004  789636   9,83  java
10:05:06 PM  1000      1535      0,00      0,00 1910004  789636   9,83  java
10:05:07 PM  1000      1535      0,00      0,00 1910004  789636   9,83  java
10:05:08 PM  1000      1535      0,00      0,00 1910004  789636   9,83  java
10:05:09 PM  1000      1535      4,00      0,00 1910004  789636   9,83  java
10:05:10 PM  1000      1535      0,00      0,00 1910004  789636   9,83  java
10:05:11 PM  1000      1535      0,00      0,00 1910004  789636   9,83  java
10:05:12 PM  1000      1535      0,00      0,00 1910004  789636   9,83  java
10:05:13 PM  1000      1535      0,00      0,00 1910004  789636   9,83  java
Average:     1000      1535      9,73      0,00 1909319  789636   9,83  java
