Linux 5.4.0-42-generic (terumi-pc) 	10/15/2020 	_x86_64_	(8 CPU)

09:04:24 PM   UID       PID  minflt/s  majflt/s     VSZ     RSS   %MEM  Command
09:04:25 PM  1000      1538      0,00      0,00 1821432  727004   9,05  java
09:04:26 PM  1000      1538      0,00      0,00 1821432  727004   9,05  java
09:04:27 PM  1000      1538     20,00      0,00 1821432  727040   9,05  java
09:04:28 PM  1000      1538    406,00      0,00 1821432  727040   9,05  java
09:04:29 PM  1000      1538    219,00      0,00 1821432  727072   9,05  java
09:04:30 PM  1000      1538      2,00      0,00 1821432  727072   9,05  java
09:04:31 PM  1000      1538      0,00      0,00 1821432  727072   9,05  java
09:04:32 PM  1000      1538     21,00      0,00 1821432  727152   9,05  java
09:04:33 PM  1000      1538      4,00      0,00 1821432  727152   9,05  java
09:04:34 PM  1000      1538      4,00      0,00 1821432  727152   9,05  java
09:04:35 PM  1000      1538     13,00      0,00 1821432  727244   9,05  java
09:04:36 PM  1000      1538     19,00      0,00 1821432  727300   9,05  java
09:04:37 PM  1000      1538     13,00      0,00 1821432  727372   9,05  java
09:04:38 PM  1000      1538      0,00      0,00 1821432  727372   9,05  java
09:04:39 PM  1000      1538      0,00      0,00 1821432  727372   9,05  java
Average:     1000      1538     48,07      0,00 1821432  727161   9,05  java
