Linux 5.4.0-42-generic (terumi-pc) 	10/15/2020 	_x86_64_	(8 CPU)

09:13:03 PM   UID       PID  minflt/s  majflt/s     VSZ     RSS   %MEM  Command
09:13:04 PM  1000      1538      0,00      0,00 1822460  729828   9,08  java
09:13:05 PM  1000      1538      0,00      0,00 1822460  729828   9,08  java
09:13:06 PM  1000      1538     41,58      0,00 1823488  729828   9,08  java
09:13:07 PM  1000      1538     78,00      0,00 1825544  729828   9,08  java
09:13:08 PM  1000      1538      6,00      0,00 1825544  729828   9,08  java
09:13:09 PM  1000      1538      0,00      0,00 1825544  729828   9,08  java
09:13:10 PM  1000      1538      0,00      0,00 1825544  729828   9,08  java
09:13:11 PM  1000      1538      3,00      0,00 1825544  729828   9,08  java
09:13:12 PM  1000      1538      0,00      0,00 1825544  729828   9,08  java
09:13:13 PM  1000      1538      0,00      0,00 1825544  729828   9,08  java
09:13:14 PM  1000      1538      0,00      0,00 1825544  729828   9,08  java
09:13:15 PM  1000      1538      0,00      0,00 1825544  729828   9,08  java
09:13:16 PM  1000      1538      0,00      0,00 1825544  729828   9,08  java
09:13:17 PM  1000      1538      0,00      0,00 1825544  729828   9,08  java
09:13:18 PM  1000      1538      0,00      0,00 1825544  729828   9,08  java
Average:     1000      1538      8,59      0,00 1824996  729828   9,08  java
