Linux 5.4.0-42-generic (terumi-pc) 	10/15/2020 	_x86_64_	(8 CPU)

09:09:23 PM   UID       PID  minflt/s  majflt/s     VSZ     RSS   %MEM  Command
09:09:24 PM  1000      1538      0,00      0,00 1821432  729256   9,07  java
09:09:25 PM  1000      1538      0,00      0,00 1821432  729256   9,07  java
09:09:26 PM  1000      1538    117,00      0,00 1822460  729352   9,08  java
09:09:27 PM  1000      1538      6,00      0,00 1822460  729352   9,08  java
09:09:28 PM  1000      1538     12,00      0,00 1822460  729352   9,08  java
09:09:29 PM  1000      1538      1,00      0,00 1822460  729352   9,08  java
09:09:30 PM  1000      1538     14,00      0,00 1822460  729416   9,08  java
09:09:31 PM  1000      1538      2,00      0,00 1822460  729424   9,08  java
09:09:32 PM  1000      1538      2,00      0,00 1822460  729424   9,08  java
09:09:33 PM  1000      1538      2,00      0,00 1822460  729424   9,08  java
09:09:34 PM  1000      1538      8,00      0,00 1822460  729504   9,08  java
09:09:35 PM  1000      1538      4,00      0,00 1822460  729504   9,08  java
09:09:36 PM  1000      1538     12,00      0,00 1822460  729576   9,08  java
09:09:37 PM  1000      1538      0,00      0,00 1822460  729576   9,08  java
09:09:38 PM  1000      1538      0,00      0,00 1822460  729576   9,08  java
Average:     1000      1538     12,00      0,00 1822323  729423   9,08  java
