Linux 5.4.0-42-generic (terumi-pc) 	10/15/2020 	_x86_64_	(8 CPU)

09:05:34 PM   UID       PID  minflt/s  majflt/s     VSZ     RSS   %MEM  Command
09:05:35 PM  1000      1538      0,00      0,00 1821432  727372   9,05  java
09:05:36 PM  1000      1538      0,00      0,00 1821432  727372   9,05  java
09:05:37 PM  1000      1538      0,00      0,00 1821432  727376   9,05  java
09:05:38 PM  1000      1538    396,00      0,00 1821432  727504   9,05  java
09:05:39 PM  1000      1538     27,00      0,00 1821432  727504   9,05  java
09:05:40 PM  1000      1538     19,00      0,00 1821432  727576   9,05  java
09:05:41 PM  1000      1538     13,86      0,00 1821432  727644   9,05  java
09:05:42 PM  1000      1538     16,00      0,00 1821432  727696   9,06  java
09:05:43 PM  1000      1538     33,00      0,00 1821432  727788   9,06  java
09:05:44 PM  1000      1538     24,00      0,00 1821432  727860   9,06  java
09:05:45 PM  1000      1538     29,00      0,00 1821432  728028   9,06  java
09:05:46 PM  1000      1538      8,00      0,00 1821432  728028   9,06  java
09:05:47 PM  1000      1538      5,00      0,00 1821432  728096   9,06  java
09:05:48 PM  1000      1538      0,00      0,00 1821432  728096   9,06  java
09:05:49 PM  1000      1538      0,00      0,00 1821432  728096   9,06  java
Average:     1000      1538     38,04      0,00 1821432  727736   9,06  java
