Linux 5.4.0-42-generic (terumi-pc) 	10/15/2020 	_x86_64_	(8 CPU)

09:13:55 PM   UID       PID  minflt/s  majflt/s     VSZ     RSS   %MEM  Command
09:13:56 PM  1000      1538      0,00      0,00 1825544  729828   9,08  java
09:13:57 PM  1000      1538      0,00      0,00 1825544  729828   9,08  java
09:13:58 PM  1000      1538      3,00      0,00 1825544  729828   9,08  java
09:13:59 PM  1000      1538      0,00      0,00 1825544  729828   9,08  java
09:14:00 PM  1000      1538      0,00      0,00 1825544  729828   9,08  java
09:14:01 PM  1000      1538      0,00      0,00 1825544  729828   9,08  java
09:14:02 PM  1000      1538      4,00      0,00 1825544  729828   9,08  java
09:14:03 PM  1000      1538      1,00      0,00 1825544  729828   9,08  java
09:14:04 PM  1000      1538      0,00      0,00 1825544  729828   9,08  java
09:14:05 PM  1000      1538      0,00      0,00 1825544  729828   9,08  java
09:14:06 PM  1000      1538      0,00      0,00 1825544  729828   9,08  java
09:14:07 PM  1000      1538      0,00      0,00 1825544  729828   9,08  java
09:14:08 PM  1000      1538      0,00      0,00 1825544  729828   9,08  java
09:14:09 PM  1000      1538      0,00      0,00 1825544  729828   9,08  java
09:14:10 PM  1000      1538      0,00      0,00 1825544  729828   9,08  java
Average:     1000      1538      0,53      0,00 1825544  729828   9,08  java
