Linux 5.4.0-42-generic (terumi-pc) 	10/15/2020 	_x86_64_	(8 CPU)

09:00:11 PM   UID       PID  minflt/s  majflt/s     VSZ     RSS   %MEM  Command
09:00:12 PM  1000      1538      1,00      0,00 1821432  725248   9,03  java
09:00:13 PM  1000      1538      0,00      0,00 1821432  725248   9,03  java
09:00:14 PM  1000      1538    199,00      0,00 1821432  725248   9,03  java
09:00:15 PM  1000      1538     26,00      0,00 1821432  725276   9,03  java
09:00:16 PM  1000      1538      1,00      0,00 1821432  725276   9,03  java
09:00:17 PM  1000      1538      6,00      0,00 1821432  725296   9,03  java
09:00:18 PM  1000      1538      7,00      0,00 1821432  725448   9,03  java
09:00:19 PM  1000      1538      7,00      0,00 1821432  725676   9,03  java
09:00:20 PM  1000      1538      6,00      0,00 1821432  725684   9,03  java
09:00:21 PM  1000      1538      2,00      0,00 1821432  725692   9,03  java
09:00:22 PM  1000      1538      5,00      0,00 1821432  725744   9,03  java
09:00:23 PM  1000      1538      8,00      0,00 1821432  725744   9,03  java
09:00:24 PM  1000      1538      4,00      0,00 1821432  725744   9,03  java
09:00:25 PM  1000      1538      0,00      0,00 1821432  725744   9,03  java
09:00:26 PM  1000      1538      0,00      0,00 1821432  725744   9,03  java
Average:     1000      1538     18,13      0,00 1821432  725521   9,03  java
