Linux 5.4.0-42-generic (terumi-pc) 	10/15/2020 	_x86_64_	(8 CPU)

08:58:18 PM   UID       PID  minflt/s  majflt/s     VSZ     RSS   %MEM  Command
08:58:19 PM  1000      1538      1,00      0,00 1821432  724328   9,01  java
08:58:20 PM  1000      1538      0,00      0,00 1821432  724328   9,01  java
08:58:21 PM  1000      1538    501,00      0,00 1821432  724328   9,01  java
08:58:22 PM  1000      1538     15,00      0,00 1821432  724328   9,01  java
08:58:23 PM  1000      1538    120,00      0,00 1821432  724328   9,01  java
08:58:24 PM  1000      1538      0,00      0,00 1821432  724328   9,01  java
08:58:25 PM  1000      1538      0,00      0,00 1821432  724328   9,01  java
08:58:26 PM  1000      1538     12,00      0,00 1821432  724428   9,01  java
08:58:27 PM  1000      1538     27,00      0,00 1821432  724524   9,02  java
08:58:28 PM  1000      1538     26,00      0,00 1821432  724576   9,02  java
08:58:29 PM  1000      1538     60,00      0,00 1821432  724784   9,02  java
08:58:30 PM  1000      1538     23,00      0,00 1821432  724904   9,02  java
08:58:31 PM  1000      1538     19,00      0,00 1821432  724976   9,02  java
08:58:32 PM  1000      1538      0,00      0,00 1821432  724976   9,02  java
08:58:33 PM  1000      1538      0,00      0,00 1821432  724976   9,02  java
Average:     1000      1538     53,60      0,00 1821432  724563   9,02  java
