Linux 5.4.0-42-generic (terumi-pc) 	10/15/2020 	_x86_64_	(8 CPU)

08:59:19 PM   UID       PID  minflt/s  majflt/s     VSZ     RSS   %MEM  Command
08:59:20 PM  1000      1538      0,00      0,00 1821432  724980   9,02  java
08:59:21 PM  1000      1538      0,00      0,00 1821432  724980   9,02  java
08:59:22 PM  1000      1538      0,00      0,00 1821432  724980   9,02  java
08:59:23 PM  1000      1538    293,00      0,00 1821432  725068   9,02  java
08:59:24 PM  1000      1538    166,00      0,00 1821432  725124   9,02  java
08:59:25 PM  1000      1538      1,00      0,00 1821432  725128   9,02  java
08:59:26 PM  1000      1538      2,00      0,00 1821432  725128   9,02  java
08:59:27 PM  1000      1538      7,00      0,00 1821432  725128   9,02  java
08:59:28 PM  1000      1538     13,00      0,00 1821432  725192   9,02  java
08:59:29 PM  1000      1538     14,00      0,00 1821432  725236   9,02  java
08:59:30 PM  1000      1538      5,00      0,00 1821432  725236   9,02  java
08:59:31 PM  1000      1538      0,99      0,00 1821432  725248   9,03  java
08:59:32 PM  1000      1538      1,00      0,00 1821432  725248   9,03  java
08:59:33 PM  1000      1538      0,00      0,00 1821432  725248   9,03  java
08:59:34 PM  1000      1538      0,00      0,00 1821432  725248   9,03  java
Average:     1000      1538     33,51      0,00 1821432  725145   9,02  java
