Linux 5.4.0-42-generic (terumi-pc) 	10/15/2020 	_x86_64_	(8 CPU)

09:08:31 PM   UID       PID    %usr %system  %guest   %wait    %CPU   CPU  Command
09:08:32 PM  1000      1538    0,00    0,00    0,00    0,00    0,00     5  java
09:08:33 PM  1000      1538    0,00    1,00    0,00    0,00    1,00     5  java
09:08:34 PM  1000      1538   14,00    3,00    0,00    0,00   17,00     5  java
09:08:35 PM  1000      1538   65,00    4,00    0,00    0,00   69,00     5  java
09:08:36 PM  1000      1538   53,00    4,00    0,00    0,00   57,00     5  java
09:08:37 PM  1000      1538   28,00    3,00    0,00    0,00   31,00     5  java
09:08:38 PM  1000      1538   43,00    6,00    0,00    0,00   49,00     5  java
09:08:39 PM  1000      1538   19,00    2,00    0,00    0,00   21,00     5  java
09:08:40 PM  1000      1538   19,00    2,00    0,00    0,00   21,00     5  java
09:08:41 PM  1000      1538   47,00    6,00    0,00    0,00   53,00     5  java
09:08:42 PM  1000      1538  124,00    3,00    0,00    0,00  127,00     5  java
09:08:43 PM  1000      1538  104,00    2,00    0,00    0,00  106,00     5  java
09:08:44 PM  1000      1538   27,00    3,00    0,00    0,00   30,00     5  java
09:08:45 PM  1000      1538    0,00    0,00    0,00    0,00    0,00     5  java
09:08:46 PM  1000      1538    1,00    0,00    0,00    0,00    1,00     5  java
Average:     1000      1538   36,27    2,60    0,00    0,00   38,87     -  java
