Linux 5.4.0-42-generic (terumi-pc) 	10/15/2020 	_x86_64_	(8 CPU)

09:09:23 PM   UID       PID    %usr %system  %guest   %wait    %CPU   CPU  Command
09:09:24 PM  1000      1538    0,00    0,00    0,00    0,00    0,00     5  java
09:09:25 PM  1000      1538    0,00    0,00    0,00    0,00    0,00     5  java
09:09:26 PM  1000      1538   27,00    0,00    0,00    0,00   27,00     5  java
09:09:27 PM  1000      1538   18,00    2,00    0,00    0,00   20,00     5  java
09:09:28 PM  1000      1538   58,00    1,00    0,00    0,00   59,00     5  java
09:09:29 PM  1000      1538   14,00    2,00    0,00    0,00   16,00     5  java
09:09:30 PM  1000      1538   42,00    3,00    0,00    0,00   45,00     5  java
09:09:31 PM  1000      1538   34,00    1,00    0,00    0,00   35,00     5  java
09:09:32 PM  1000      1538   34,00    4,00    0,00    0,00   38,00     5  java
09:09:33 PM  1000      1538   28,00    4,00    0,00    0,00   32,00     5  java
09:09:34 PM  1000      1538   35,00    4,00    0,00    0,00   39,00     5  java
09:09:35 PM  1000      1538   32,00    2,00    0,00    0,00   34,00     5  java
09:09:36 PM  1000      1538   39,00    2,00    0,00    0,00   41,00     5  java
09:09:37 PM  1000      1538    0,00    0,00    0,00    0,00    0,00     5  java
09:09:38 PM  1000      1538    1,00    0,00    0,00    0,00    1,00     5  java
Average:     1000      1538   24,13    1,67    0,00    0,00   25,80     -  java
