Linux 5.4.0-42-generic (terumi-pc) 	10/15/2020 	_x86_64_	(8 CPU)

09:00:11 PM   UID       PID    %usr %system  %guest   %wait    %CPU   CPU  Command
09:00:12 PM  1000      1538    0,00    0,00    0,00    0,00    0,00     5  java
09:00:13 PM  1000      1538    1,00    0,00    0,00    0,00    1,00     5  java
09:00:14 PM  1000      1538   52,00    1,00    0,00    0,00   53,00     5  java
09:00:15 PM  1000      1538   42,00    4,00    0,00    0,00   46,00     5  java
09:00:16 PM  1000      1538   21,00    2,00    0,00    0,00   23,00     5  java
09:00:17 PM  1000      1538   31,00    1,00    0,00    0,00   32,00     5  java
09:00:18 PM  1000      1538   41,00    1,00    0,00    0,00   42,00     5  java
09:00:19 PM  1000      1538   50,00    5,00    0,00    0,00   55,00     5  java
09:00:20 PM  1000      1538   50,00    5,00    0,00    0,00   55,00     5  java
09:00:21 PM  1000      1538   27,00    3,00    0,00    0,00   30,00     5  java
09:00:22 PM  1000      1538   54,00    2,00    0,00    0,00   56,00     5  java
09:00:23 PM  1000      1538   41,00    2,00    0,00    0,00   43,00     5  java
09:00:24 PM  1000      1538   42,00    3,00    0,00    0,00   45,00     5  java
09:00:25 PM  1000      1538    0,00    0,00    0,00    0,00    0,00     5  java
09:00:26 PM  1000      1538    0,00    0,00    0,00    0,00    0,00     5  java
Average:     1000      1538   30,13    1,93    0,00    0,00   32,07     -  java
