Linux 5.4.0-42-generic (terumi-pc) 	10/15/2020 	_x86_64_	(8 CPU)

09:11:07 PM   UID       PID    %usr %system  %guest   %wait    %CPU   CPU  Command
09:11:08 PM  1000      1538    1,00    0,00    0,00    0,00    1,00     5  java
09:11:09 PM  1000      1538    0,00    0,00    0,00    0,00    0,00     5  java
09:11:10 PM  1000      1538   12,00    2,00    0,00    0,00   14,00     5  java
09:11:11 PM  1000      1538   18,00    3,00    0,00    0,00   21,00     5  java
09:11:12 PM  1000      1538   16,00    1,00    0,00    0,00   17,00     5  java
09:11:13 PM  1000      1538   20,00    3,00    0,00    0,00   23,00     5  java
09:11:14 PM  1000      1538   18,00    2,00    0,00    0,00   20,00     5  java
09:11:15 PM  1000      1538   18,00    1,00    0,00    0,00   19,00     5  java
09:11:16 PM  1000      1538   17,00    3,00    0,00    0,00   20,00     5  java
09:11:17 PM  1000      1538   17,00    0,00    0,00    0,00   17,00     5  java
09:11:18 PM  1000      1538   18,00    3,00    0,00    0,00   21,00     5  java
09:11:19 PM  1000      1538   19,00    2,00    0,00    0,00   21,00     5  java
09:11:20 PM  1000      1538   14,00    0,00    0,00    0,00   14,00     5  java
09:11:21 PM  1000      1538    0,00    0,00    0,00    0,00    0,00     5  java
09:11:22 PM  1000      1538    0,00    0,00    0,00    0,00    0,00     5  java
Average:     1000      1538   12,52    1,33    0,00    0,00   13,86     -  java
