Linux 5.4.0-42-generic (terumi-pc) 	10/15/2020 	_x86_64_	(8 CPU)

09:13:55 PM   UID       PID    %usr %system  %guest   %wait    %CPU   CPU  Command
09:13:56 PM  1000      1538    0,00    0,00    0,00    0,00    0,00     5  java
09:13:57 PM  1000      1538    0,00    1,00    0,00    0,00    1,00     5  java
09:13:58 PM  1000      1538   12,00    1,00    0,00    0,00   13,00     5  java
09:13:59 PM  1000      1538   10,00    4,00    0,00    0,00   14,00     5  java
09:14:00 PM  1000      1538   10,00    2,00    0,00    0,00   12,00     5  java
09:14:01 PM  1000      1538   16,00    1,00    0,00    0,00   17,00     5  java
09:14:02 PM  1000      1538   52,00    2,00    0,00    0,00   54,00     5  java
09:14:03 PM  1000      1538   28,00    4,00    0,00    0,00   32,00     5  java
09:14:04 PM  1000      1538   26,00    5,00    0,00    0,00   31,00     5  java
09:14:05 PM  1000      1538   15,00    1,00    0,00    0,00   16,00     5  java
09:14:06 PM  1000      1538   21,00    2,00    0,00    0,00   23,00     5  java
09:14:07 PM  1000      1538   28,00    5,00    0,00    0,00   33,00     5  java
09:14:08 PM  1000      1538   24,00    2,00    0,00    0,00   26,00     5  java
09:14:09 PM  1000      1538    0,00    0,00    0,00    0,00    0,00     5  java
09:14:10 PM  1000      1538    0,00    0,00    0,00    0,00    0,00     5  java
Average:     1000      1538   16,13    2,00    0,00    0,00   18,13     -  java
