Linux 5.4.0-42-generic (terumi-pc) 	10/15/2020 	_x86_64_	(8 CPU)

09:15:01 PM   UID       PID    %usr %system  %guest   %wait    %CPU   CPU  Command
09:15:02 PM  1000      1538    0,00    0,00    0,00    0,00    0,00     5  java
09:15:03 PM  1000      1538    1,00    0,00    0,00    0,00    1,00     5  java
09:15:04 PM  1000      1538    0,00    0,00    0,00    0,00    0,00     5  java
09:15:05 PM  1000      1538   15,00    1,00    0,00    0,00   16,00     5  java
09:15:06 PM  1000      1538   19,00    3,00    0,00    0,00   22,00     5  java
09:15:07 PM  1000      1538   21,00    1,00    0,00    0,00   22,00     5  java
09:15:08 PM  1000      1538   18,00    1,00    0,00    0,00   19,00     5  java
09:15:09 PM  1000      1538   20,00    1,00    0,00    0,00   21,00     5  java
09:15:10 PM  1000      1538   25,00    3,00    0,00    0,00   28,00     5  java
09:15:11 PM  1000      1538   16,00    4,00    0,00    0,00   20,00     5  java
09:15:12 PM  1000      1538   29,00    3,00    0,00    0,00   32,00     5  java
09:15:13 PM  1000      1538   26,00    6,00    0,00    0,00   32,00     5  java
09:15:14 PM  1000      1538   23,00    1,00    0,00    0,00   24,00     5  java
09:15:15 PM  1000      1538    1,00    0,00    0,00    0,00    1,00     5  java
09:15:16 PM  1000      1538    0,00    0,00    0,00    0,00    0,00     5  java
Average:     1000      1538   14,27    1,60    0,00    0,00   15,87     -  java
