Linux 5.4.0-42-generic (terumi-pc) 	10/15/2020 	_x86_64_	(8 CPU)

06:59:34 PM   UID       PID  minflt/s  majflt/s     VSZ     RSS   %MEM  Command
06:59:35 PM  1000      1548      0,00      0,00 1729172  593212   7,38  java
06:59:36 PM  1000      1548      0,00      0,00 1729172  593212   7,38  java
06:59:37 PM  1000      1548    146,00      0,00 1729172  593436   7,38  java
06:59:38 PM  1000      1548     22,00      0,00 1729172  593600   7,39  java
06:59:39 PM  1000      1548     32,00      0,00 1729172  593660   7,39  java
06:59:40 PM  1000      1548     21,00      0,00 1729172  593716   7,39  java
06:59:41 PM  1000      1548     59,00      0,00 1729172  593936   7,39  java
06:59:42 PM  1000      1548     89,00      0,00 1729172  594296   7,40  java
06:59:43 PM  1000      1548    150,00      0,00 1729172  594924   7,40  java
06:59:44 PM  1000      1548     77,00      0,00 1729172  595204   7,41  java
06:59:45 PM  1000      1548     10,00      0,00 1729172  595280   7,41  java
06:59:46 PM  1000      1548      6,00      0,00 1729172  595284   7,41  java
06:59:47 PM  1000      1548      0,00      0,00 1729172  595284   7,41  java
06:59:48 PM  1000      1548      0,00      0,00 1729172  595284   7,41  java
06:59:49 PM  1000      1548      0,00      0,00 1729172  595284   7,41  java
Average:     1000      1548     40,80      0,00 1729172  594374   7,40  java
