Linux 5.4.0-42-generic (terumi-pc) 	10/15/2020 	_x86_64_	(8 CPU)

07:06:42 PM   UID       PID  minflt/s  majflt/s     VSZ     RSS   %MEM  Command
07:06:43 PM  1000      1548      1,00      0,00 1729172  598628   7,45  java
07:06:44 PM  1000      1548      0,00      0,00 1729172  598628   7,45  java
07:06:45 PM  1000      1548     13,00      0,00 1729172  598628   7,45  java
07:06:46 PM  1000      1548      1,00      0,00 1729172  598628   7,45  java
07:06:47 PM  1000      1548      2,00      0,00 1729172  598628   7,45  java
07:06:48 PM  1000      1548      4,00      0,00 1729172  598692   7,45  java
07:06:49 PM  1000      1548     19,00      0,00 1729172  598692   7,45  java
07:06:50 PM  1000      1548     13,00      0,00 1729172  598752   7,45  java
07:06:51 PM  1000      1548     10,00      0,00 1729172  598808   7,45  java
07:06:52 PM  1000      1548      4,00      0,00 1729172  598808   7,45  java
07:06:53 PM  1000      1548      2,00      0,00 1729172  598808   7,45  java
07:06:54 PM  1000      1548      3,96      0,00 1729172  598808   7,45  java
07:06:55 PM  1000      1548      0,00      0,00 1729172  598808   7,45  java
07:06:56 PM  1000      1548      0,00      0,00 1729172  598808   7,45  java
07:06:57 PM  1000      1548      0,00      0,00 1729172  598808   7,45  java
Average:     1000      1548      4,86      0,00 1729172  598729   7,45  java
