Linux 5.4.0-42-generic (terumi-pc) 	10/15/2020 	_x86_64_	(8 CPU)

07:02:10 PM   UID       PID  minflt/s  majflt/s     VSZ     RSS   %MEM  Command
07:02:11 PM  1000      1548      0,00      0,00 1729172  597136   7,43  java
07:02:12 PM  1000      1548      0,99      0,00 1729172  597136   7,43  java
07:02:13 PM  1000      1548     33,00      0,00 1729172  597200   7,43  java
07:02:14 PM  1000      1548     12,00      0,00 1729172  597200   7,43  java
07:02:15 PM  1000      1548     17,00      0,00 1729172  597276   7,43  java
07:02:16 PM  1000      1548      5,00      0,00 1729172  597312   7,43  java
07:02:17 PM  1000      1548      3,00      0,00 1729172  597388   7,43  java
07:02:18 PM  1000      1548      8,00      0,00 1729172  597388   7,43  java
07:02:19 PM  1000      1548      2,00      0,00 1729172  597388   7,43  java
07:02:20 PM  1000      1548     20,00      0,00 1729172  597444   7,43  java
07:02:21 PM  1000      1548      6,00      0,00 1729172  597520   7,44  java
07:02:22 PM  1000      1548      7,00      0,00 1729172  597520   7,44  java
07:02:23 PM  1000      1548      0,00      0,00 1729172  597520   7,44  java
07:02:24 PM  1000      1548      0,00      0,00 1729172  597520   7,44  java
07:02:25 PM  1000      1548      0,00      0,00 1729172  597520   7,44  java
Average:     1000      1548      7,59      0,00 1729172  597365   7,43  java
