Linux 5.4.0-42-generic (terumi-pc) 	10/15/2020 	_x86_64_	(8 CPU)

07:01:20 PM   UID       PID  minflt/s  majflt/s     VSZ     RSS   %MEM  Command
07:01:21 PM  1000      1548      0,00      0,00 1729172  596656   7,42  java
07:01:22 PM  1000      1548      1,00      0,00 1729172  596656   7,42  java
07:01:23 PM  1000      1548     24,00      0,00 1729172  596772   7,43  java
07:01:24 PM  1000      1548      9,00      0,00 1729172  596772   7,43  java
07:01:25 PM  1000      1548      6,00      0,00 1729172  596860   7,43  java
07:01:26 PM  1000      1548      5,00      0,00 1729172  596860   7,43  java
07:01:27 PM  1000      1548     35,00      0,00 1729172  596944   7,43  java
07:01:28 PM  1000      1548      7,00      0,00 1729172  597076   7,43  java
07:01:29 PM  1000      1548      3,00      0,00 1729172  597076   7,43  java
07:01:30 PM  1000      1548     12,00      0,00 1729172  597076   7,43  java
07:01:31 PM  1000      1548     12,00      0,00 1729172  597136   7,43  java
07:01:32 PM  1000      1548      3,00      0,00 1729172  597136   7,43  java
07:01:33 PM  1000      1548      0,00      0,00 1729172  597136   7,43  java
07:01:34 PM  1000      1548      0,00      0,00 1729172  597136   7,43  java
07:01:35 PM  1000      1548      0,00      0,00 1729172  597136   7,43  java
Average:     1000      1548      7,80      0,00 1729172  596962   7,43  java
