Linux 5.4.0-42-generic (terumi-pc) 	10/15/2020 	_x86_64_	(8 CPU)

09:59:31 PM   UID       PID  minflt/s  majflt/s     VSZ     RSS   %MEM  Command
09:59:32 PM  1000      1535      0,00      0,00 1914116  789484   9,82  java
09:59:33 PM  1000      1535      0,00      0,00 1914116  789484   9,82  java
09:59:34 PM  1000      1535      0,00      0,00 1914116  789484   9,82  java
09:59:35 PM  1000      1535     15,00      0,00 1914116  789552   9,83  java
09:59:36 PM  1000      1535      0,00      0,00 1914116  789552   9,83  java
09:59:37 PM  1000      1535      0,00      0,00 1914116  789552   9,83  java
09:59:38 PM  1000      1535      0,00      0,00 1914116  789552   9,83  java
09:59:39 PM  1000      1535      0,00      0,00 1914116  789552   9,83  java
09:59:40 PM  1000      1535      5,00      0,00 1914116  789552   9,83  java
09:59:41 PM  1000      1535      0,00      0,00 1914116  789552   9,83  java
09:59:42 PM  1000      1535      1,00      0,00 1914116  789552   9,83  java
09:59:43 PM  1000      1535      0,00      0,00 1914116  789552   9,83  java
09:59:44 PM  1000      1535      0,00      0,00 1914116  789552   9,83  java
09:59:45 PM  1000      1535      0,00      0,00 1914116  789552   9,83  java
09:59:46 PM  1000      1535      0,00      0,00 1914116  789552   9,83  java
Average:     1000      1535      1,40      0,00 1914116  789538   9,83  java
