Linux 5.4.0-42-generic (terumi-pc) 	10/15/2020 	_x86_64_	(8 CPU)

10:02:07 PM   UID       PID  minflt/s  majflt/s     VSZ     RSS   %MEM  Command
10:02:08 PM  1000      1535      0,00      0,00 1917200  789860   9,83  java
10:02:09 PM  1000      1535      0,00      0,00 1917200  789860   9,83  java
10:02:10 PM  1000      1535     67,00      0,00 1918228  789860   9,83  java
10:02:11 PM  1000      1535      7,00      0,00 1918228  789860   9,83  java
10:02:12 PM  1000      1535      3,00      0,00 1918228  789860   9,83  java
10:02:13 PM  1000      1535      0,00      0,00 1918228  789860   9,83  java
10:02:14 PM  1000      1535      0,00      0,00 1918228  789860   9,83  java
10:02:15 PM  1000      1535      0,00      0,00 1918228  789860   9,83  java
10:02:16 PM  1000      1535      0,00      0,00 1918228  789860   9,83  java
10:02:17 PM  1000      1535      0,00      0,00 1918228  789860   9,83  java
10:02:18 PM  1000      1535      6,00      0,00 1918228  789860   9,83  java
10:02:19 PM  1000      1535      0,00      0,00 1918228  789860   9,83  java
10:02:20 PM  1000      1535      0,00      0,00 1918228  789860   9,83  java
10:02:21 PM  1000      1535      0,00      0,00 1918228  789860   9,83  java
10:02:22 PM  1000      1535      1,00      0,00 1918228  789860   9,83  java
Average:     1000      1535      5,60      0,00 1918091  789860   9,83  java
