Linux 5.4.0-42-generic (terumi-pc) 	10/15/2020 	_x86_64_	(8 CPU)

10:10:12 PM   UID       PID  minflt/s  majflt/s     VSZ     RSS   %MEM  Command
10:10:13 PM  1000      1535      1,00      0,00 1911032  790060   9,83  java
10:10:14 PM  1000      1535      0,00      0,00 1911032  790060   9,83  java
10:10:15 PM  1000      1535    312,00      0,00 1923368  790060   9,83  java
10:10:16 PM  1000      1535      8,00      0,00 1923368  790060   9,83  java
10:10:17 PM  1000      1535      6,00      0,00 1923368  790060   9,83  java
10:10:18 PM  1000      1535      2,00      0,00 1923368  790060   9,83  java
10:10:19 PM  1000      1535      0,00      0,00 1923368  790060   9,83  java
10:10:20 PM  1000      1535      2,00      0,00 1923368  790060   9,83  java
10:10:21 PM  1000      1535      0,00      0,00 1923368  790060   9,83  java
10:10:22 PM  1000      1535      4,00      0,00 1923368  790060   9,83  java
10:10:23 PM  1000      1535      0,00      0,00 1923368  790060   9,83  java
10:10:24 PM  1000      1535      3,00      0,00 1923368  790060   9,83  java
10:10:25 PM  1000      1535      3,00      0,00 1923368  790124   9,83  java
10:10:26 PM  1000      1535      0,00      0,00 1923368  790124   9,83  java
10:10:27 PM  1000      1535      0,00      0,00 1923368  790124   9,83  java
Average:     1000      1535     22,73      0,00 1921723  790073   9,83  java
