Linux 5.4.0-42-generic (terumi-pc) 	10/15/2020 	_x86_64_	(8 CPU)

10:09:04 PM   UID       PID  minflt/s  majflt/s     VSZ     RSS   %MEM  Command
10:09:05 PM  1000      1535      0,00      0,00 1907948  790012   9,83  java
10:09:06 PM  1000      1535      0,00      0,00 1907948  790012   9,83  java
10:09:07 PM  1000      1535      0,00      0,00 1907948  790012   9,83  java
10:09:08 PM  1000      1535      4,00      0,00 1907948  790060   9,83  java
10:09:09 PM  1000      1535     53,00      0,00 1910004  790060   9,83  java
10:09:10 PM  1000      1535      2,00      0,00 1910004  790060   9,83  java
10:09:11 PM  1000      1535      1,00      0,00 1910004  790060   9,83  java
10:09:12 PM  1000      1535      0,00      0,00 1910004  790060   9,83  java
10:09:13 PM  1000      1535      0,00      0,00 1910004  790060   9,83  java
10:09:14 PM  1000      1535      0,00      0,00 1910004  790060   9,83  java
10:09:15 PM  1000      1535      3,00      0,00 1910004  790060   9,83  java
10:09:16 PM  1000      1535     26,00      0,00 1911032  790060   9,83  java
10:09:17 PM  1000      1535      1,00      0,00 1911032  790060   9,83  java
10:09:18 PM  1000      1535      0,00      0,00 1911032  790060   9,83  java
10:09:19 PM  1000      1535      0,00      0,00 1911032  790060   9,83  java
Average:     1000      1535      6,00      0,00 1909730  790050   9,83  java
