Linux 5.4.0-42-generic (terumi-pc) 	10/15/2020 	_x86_64_	(8 CPU)

10:08:11 PM   UID       PID    %usr %system  %guest   %wait    %CPU   CPU  Command
10:08:12 PM  1000      1535    0,00    0,00    0,00    0,00    0,00     5  java
10:08:13 PM  1000      1535    0,00    1,00    0,00    0,00    1,00     5  java
10:08:14 PM  1000      1535   29,00    0,00    0,00    0,00   29,00     5  java
10:08:15 PM  1000      1535   43,00    1,00    0,00    0,00   44,00     5  java
10:08:16 PM  1000      1535   35,00    5,00    0,00    0,00   40,00     5  java
10:08:17 PM  1000      1535   45,00    3,00    0,00    0,00   48,00     5  java
10:08:18 PM  1000      1535   34,00    3,00    0,00    0,00   37,00     5  java
10:08:19 PM  1000      1535   42,00    3,00    0,00    0,00   45,00     5  java
10:08:20 PM  1000      1535   57,00    4,00    0,00    0,00   61,00     5  java
10:08:21 PM  1000      1535   34,00    3,00    0,00    0,00   37,00     5  java
10:08:22 PM  1000      1535   48,00    6,00    0,00    0,00   54,00     5  java
10:08:23 PM  1000      1535   41,00    6,00    0,00    0,00   47,00     5  java
10:08:24 PM  1000      1535   30,00    4,00    0,00    0,00   34,00     5  java
10:08:25 PM  1000      1535    0,00    0,00    0,00    0,00    0,00     5  java
10:08:26 PM  1000      1535    0,00    0,00    0,00    0,00    0,00     5  java
Average:     1000      1535   29,20    2,60    0,00    0,00   31,80     -  java
