Linux 5.4.0-42-generic (terumi-pc) 	10/15/2020 	_x86_64_	(8 CPU)

10:09:04 PM   UID       PID    %usr %system  %guest   %wait    %CPU   CPU  Command
10:09:05 PM  1000      1535    0,00    0,00    0,00    0,00    0,00     5  java
10:09:06 PM  1000      1535    0,00    0,00    0,00    0,00    0,00     5  java
10:09:07 PM  1000      1535    0,00    0,00    0,00    0,00    0,00     5  java
10:09:08 PM  1000      1535    2,00    1,00    0,00    0,00    3,00     5  java
10:09:09 PM  1000      1535   56,00    3,00    0,00    0,00   59,00     5  java
10:09:10 PM  1000      1535   42,00    3,00    0,00    0,00   45,00     5  java
10:09:11 PM  1000      1535   42,00    4,00    0,00    0,00   46,00     5  java
10:09:12 PM  1000      1535   28,00    3,00    0,00    0,00   31,00     5  java
10:09:13 PM  1000      1535   38,00    3,00    0,00    0,00   41,00     5  java
10:09:14 PM  1000      1535   44,00    3,00    0,00    0,00   47,00     5  java
10:09:15 PM  1000      1535   28,00    3,00    0,00    0,00   31,00     5  java
10:09:16 PM  1000      1535   35,00    2,00    0,00    0,00   37,00     5  java
10:09:17 PM  1000      1535   51,00    4,00    0,00    0,00   55,00     5  java
10:09:18 PM  1000      1535   30,00    4,00    0,00    0,00   34,00     5  java
10:09:19 PM  1000      1535   18,00    4,00    0,00    0,00   22,00     5  java
Average:     1000      1535   27,60    2,47    0,00    0,00   30,07     -  java
