Linux 5.4.0-42-generic (terumi-pc) 	10/15/2020 	_x86_64_	(8 CPU)

10:01:11 PM   UID       PID    %usr %system  %guest   %wait    %CPU   CPU  Command
10:01:12 PM  1000      1535    1,00    0,00    0,00    0,00    1,00     5  java
10:01:13 PM  1000      1535    0,00    0,00    0,00    0,00    0,00     5  java
10:01:14 PM  1000      1535    5,00    1,00    0,00    0,00    6,00     5  java
10:01:15 PM  1000      1535   15,00    1,00    0,00    0,00   16,00     5  java
10:01:16 PM  1000      1535   36,00    4,00    0,00    0,00   40,00     5  java
10:01:17 PM  1000      1535   54,00    5,00    0,00    0,00   59,00     5  java
10:01:18 PM  1000      1535   20,00    2,00    0,00    0,00   22,00     5  java
10:01:19 PM  1000      1535   30,00    3,00    0,00    0,00   33,00     5  java
10:01:20 PM  1000      1535   45,00    6,00    0,00    0,00   51,00     5  java
10:01:21 PM  1000      1535   28,00    4,00    0,00    0,00   32,00     5  java
10:01:22 PM  1000      1535   98,00    5,00    0,00    0,00  103,00     5  java
10:01:23 PM  1000      1535   40,00    6,00    0,00    0,00   46,00     5  java
10:01:24 PM  1000      1535   28,00    3,00    0,00    0,00   31,00     5  java
10:01:25 PM  1000      1535    1,00    0,00    0,00    0,00    1,00     5  java
10:01:26 PM  1000      1535    0,00    0,00    0,00    0,00    0,00     5  java
Average:     1000      1535   26,73    2,67    0,00    0,00   29,40     -  java
