Linux 5.4.0-42-generic (terumi-pc) 	10/15/2020 	_x86_64_	(8 CPU)

09:59:31 PM   UID       PID    %usr %system  %guest   %wait    %CPU   CPU  Command
09:59:32 PM  1000      1535    1,00    0,00    0,00    0,00    1,00     5  java
09:59:33 PM  1000      1535    0,00    0,00    0,00    0,00    0,00     5  java
09:59:34 PM  1000      1535    2,00    1,00    0,00    0,00    3,00     5  java
09:59:35 PM  1000      1535   51,00    1,00    0,00    0,00   52,00     5  java
09:59:36 PM  1000      1535   40,00    4,00    0,00    0,00   44,00     5  java
09:59:37 PM  1000      1535   39,00    6,00    0,00    0,00   45,00     5  java
09:59:38 PM  1000      1535   21,00    3,00    0,00    0,00   24,00     5  java
09:59:39 PM  1000      1535   41,00    7,00    0,00    0,00   48,00     5  java
09:59:40 PM  1000      1535   74,00    7,00    0,00    0,00   81,00     5  java
09:59:41 PM  1000      1535   29,70    3,96    0,00    0,00   33,66     5  java
09:59:42 PM  1000      1535   47,00    7,00    0,00    0,00   54,00     5  java
09:59:43 PM  1000      1535   47,00    6,00    0,00    0,00   53,00     5  java
09:59:44 PM  1000      1535   36,00    1,00    0,00    0,00   37,00     5  java
09:59:45 PM  1000      1535    0,00    0,00    0,00    0,00    0,00     5  java
09:59:46 PM  1000      1535    0,00    0,00    0,00    0,00    0,00     5  java
Average:     1000      1535   28,58    3,13    0,00    0,00   31,71     -  java
