Linux 5.4.0-42-generic (terumi-pc) 	10/15/2020 	_x86_64_	(8 CPU)

10:00:20 PM   UID       PID    %usr %system  %guest   %wait    %CPU   CPU  Command
10:00:21 PM  1000      1535    1,00    0,00    0,00    0,00    1,00     5  java
10:00:22 PM  1000      1535    4,00    0,00    0,00    0,00    4,00     5  java
10:00:23 PM  1000      1535   22,00    1,00    0,00    0,00   23,00     5  java
10:00:24 PM  1000      1535   51,00    4,00    0,00    0,00   55,00     5  java
10:00:25 PM  1000      1535   37,00    3,00    0,00    0,00   40,00     5  java
10:00:26 PM  1000      1535   32,00    4,00    0,00    0,00   36,00     5  java
10:00:27 PM  1000      1535   44,00    4,00    0,00    0,00   48,00     5  java
10:00:28 PM  1000      1535   37,00    4,00    0,00    0,00   41,00     5  java
10:00:29 PM  1000      1535   37,00    5,00    0,00    0,00   42,00     5  java
10:00:30 PM  1000      1535   88,00    3,00    0,00    0,00   91,00     5  java
10:00:31 PM  1000      1535   57,00    5,00    0,00    0,00   62,00     5  java
10:00:32 PM  1000      1535   47,00    4,00    0,00    0,00   51,00     5  java
10:00:33 PM  1000      1535   28,00    4,00    0,00    0,00   32,00     5  java
10:00:34 PM  1000      1535    0,00    0,00    0,00    0,00    0,00     5  java
10:00:35 PM  1000      1535    0,00    0,00    0,00    0,00    0,00     5  java
Average:     1000      1535   32,33    2,73    0,00    0,00   35,07     -  java
