Linux 4.15.0-124-generic (bookstore) 	12/13/2020 	_x86_64_	(1 CPU)

09:12:45 PM   UID       PID    %usr %system  %guest   %wait    %CPU   CPU  Command
09:12:46 PM  1000      1702    4.35    4.35    0.00    0.00    8.70     0  java
09:12:47 PM  1000      1702   25.32    3.80    0.00    0.00   29.11     0  java
09:12:48 PM  1000      1702    1.01    0.00    0.00    0.00    1.01     0  java
09:12:49 PM  1000      1702    0.00    0.00    0.00    0.00    0.00     0  java
09:12:50 PM  1000      1702    0.00    0.00    0.00    0.00    0.00     0  java
09:12:51 PM  1000      1702    0.00    0.00    0.00    0.00    0.00     0  java
09:12:52 PM  1000      1702    0.00    0.00    0.00    0.00    0.00     0  java
09:12:53 PM  1000      1702    2.04    0.00    0.00    0.00    2.04     0  java
09:12:54 PM  1000      1702    1.04    0.00    0.00    0.00    1.04     0  java
09:12:55 PM  1000      1702    0.00    0.00    0.00    0.00    0.00     0  java
09:12:56 PM  1000      1702    1.02    0.00    0.00    0.00    1.02     0  java
09:12:57 PM  1000      1702    2.08    0.00    0.00    0.00    2.08     0  java
09:12:58 PM  1000      1702    1.03    0.00    0.00    0.00    1.03     0  java
09:12:59 PM  1000      1702    1.03    0.00    0.00    0.00    1.03     0  java
09:13:00 PM  1000      1702    2.97    0.00    0.00    0.00    2.97     0  java
09:13:01 PM  1000      1702    0.00    0.00    0.00    0.00    0.00     0  java
09:13:03 PM  1000      1702   11.83    0.00    0.00    0.00   11.83     0  java
09:13:04 PM  1000      1702    0.00    0.00    0.00    0.00    0.00     0  java
09:13:05 PM  1000      1702    0.91    0.00    0.00    0.00    0.91     0  java
09:13:06 PM  1000      1702   52.63   36.84    0.00    0.00   89.47     0  java
09:13:07 PM  1000      1702    1.01    0.00    0.00    0.00    1.01     0  java
09:13:08 PM  1000      1702   13.25    9.64    0.00    0.00   22.89     0  java
09:13:09 PM  1000      1702    0.00    0.00    0.00    0.00    0.00     0  java
09:13:10 PM  1000      1702    2.86    0.95    0.00    0.00    3.81     0  java
09:13:11 PM  1000      1702    6.38    2.13    0.00    0.00    8.51     0  java
09:13:12 PM  1000      1702    0.00    0.00    0.00    0.00    0.00     0  java
09:13:13 PM  1000      1702    3.12    0.00    0.00    0.00    3.12     0  java
09:13:14 PM  1000      1702   28.09    0.00    0.00    0.00   28.09     0  java
09:13:15 PM  1000      1702   65.15    9.09    0.00    0.00   74.24     0  java
09:13:16 PM  1000      1702  100.00  100.00    0.00    0.00  100.00     0  java
09:13:17 PM  1000      1702  100.00  100.00    0.00    0.00  100.00     0  java
09:13:18 PM  1000      1702  100.00  100.00    0.00    0.00  100.00     0  java
09:13:19 PM  1000      1702  100.00  100.00    0.00    0.00  100.00     0  java
09:13:20 PM  1000      1702  100.00  100.00    0.00    0.00  100.00     0  java
09:13:21 PM  1000      1702   69.05  100.00    0.00    0.00  100.00     0  java
09:13:22 PM  1000      1702   42.22  100.00    0.00    0.00  100.00     0  java
09:13:23 PM  1000      1702  100.00  100.00    0.00    0.00  100.00     0  java
09:13:24 PM  1000      1702   40.68   47.46    0.00    0.00   88.14     0  java
09:13:25 PM  1000      1702  100.00  100.00    0.00    0.00  100.00     0  java
09:13:26 PM  1000      1702  100.00  100.00    0.00    0.00  100.00     0  java
09:13:27 PM  1000      1702   63.46   48.08    0.00    0.00  100.00     0  java
09:13:28 PM  1000      1702   19.72   29.58    0.00    0.00   49.30     0  java
09:13:29 PM  1000      1702  100.00  100.00    0.00    0.00  100.00     0  java
09:13:30 PM  1000      1702  100.00  100.00    0.00    0.00  100.00     0  java
09:13:31 PM  1000      1702   24.24   45.45    0.00    0.00   69.70     0  java
09:13:32 PM  1000      1702  100.00  100.00    0.00    0.00  100.00     0  java
09:13:33 PM  1000      1702   82.61   54.35    0.00    0.00  100.00     0  java
09:13:34 PM  1000      1702   52.83   52.83    0.00    0.00  100.00     0  java
09:13:35 PM  1000      1702  100.00  100.00    0.00    0.00  100.00     0  java
09:13:36 PM  1000      1702   12.33   28.77    0.00    0.00   41.10     0  java
09:13:37 PM  1000      1702   44.90  100.00    0.00    0.00  100.00     0  java
09:13:38 PM  1000      1702  100.00  100.00    0.00    0.00  100.00     0  java
09:13:39 PM  1000      1702  100.00  100.00    0.00    0.00  100.00     0  java
09:13:40 PM  1000      1702    7.69   25.64    0.00    0.00   33.33     0  java
09:13:41 PM  1000      1702  100.00  100.00    0.00    0.00  100.00     0  java
09:13:42 PM  1000      1702  100.00  100.00    0.00    0.00  100.00     0  java
09:13:43 PM  1000      1702    2.15    7.53    0.00    0.00    9.68     0  java
09:13:44 PM  1000      1702  100.00  100.00    0.00    0.00  100.00     0  java
09:13:46 PM  1000      1702   61.90  100.00    0.00    0.00  100.00     0  java
09:13:47 PM  1000      1702    0.00    0.00    0.00    0.00    0.00     0  java
09:13:48 PM  1000      1702    0.00   21.35    0.00    0.00   21.35     0  java
09:13:49 PM  1000      1702   47.06  100.00    0.00    0.00  100.00     0  java
09:13:50 PM  1000      1702   63.64  100.00    0.00    0.00  100.00     0  java
09:13:51 PM  1000      1702    0.00    0.00    0.00    0.00    0.00     0  java
09:13:52 PM  1000      1702    4.08    0.00    0.00    0.00    4.08     0  java
09:13:53 PM  1000      1702  100.00  100.00    0.00    0.00  100.00     0  java
09:13:54 PM  1000      1702   82.61  100.00    0.00    0.00  100.00     0  java
09:13:55 PM  1000      1702    1.05    4.21    0.00    0.00    5.26     0  java
09:13:56 PM  1000      1702   20.25   22.78    0.00    0.00   43.04     0  java
09:13:57 PM  1000      1702  100.00  100.00    0.00    0.00  100.00     0  java
09:13:58 PM  1000      1702   33.33   77.08    0.00    0.00  100.00     0  java
09:13:59 PM  1000      1702    1.10    4.40    0.00    0.00    5.49     0  java
09:14:00 PM  1000      1702    3.16    2.11    0.00    0.00    5.26     0  java
09:14:01 PM  1000      1702   11.11   13.89    0.00    0.00   25.00     0  java
09:14:02 PM  1000      1702   34.92   33.33    0.00    0.00   68.25     0  java
09:14:03 PM  1000      1702   66.67  100.00    0.00    0.00  100.00     0  java
09:14:04 PM  1000      1702   10.53   22.37    0.00    0.00   32.89     0  java
09:14:05 PM  1000      1702    0.00    0.00    0.00    0.00    0.00     0  java
09:14:06 PM  1000      1702    0.00    0.00    0.00    0.00    0.00     0  java
09:14:07 PM  1000      1702  100.00  100.00    0.00    0.00  100.00     0  java
09:14:08 PM  1000      1702  100.00  100.00    0.00    0.00  100.00     0  java
09:14:09 PM  1000      1702   73.81   80.95    0.00    0.00  100.00     0  java
09:14:10 PM  1000      1702    0.00    0.00    0.00    0.00    0.00     0  java
09:14:11 PM  1000      1702   35.29   16.18    0.00    0.00   51.47     0  java
09:14:12 PM  1000      1702    0.00    0.00    0.00    0.00    0.00     0  java
09:14:13 PM  1000      1702   41.38   46.55    0.00    0.00   87.93     0  java
09:14:14 PM  1000      1702   86.36  100.00    0.00    0.00  100.00     0  java
09:14:15 PM  1000      1702    2.15    5.38    0.00    0.00    7.53     0  java
09:14:16 PM  1000      1702    1.04    5.21    0.00    0.00    6.25     0  java
09:14:17 PM  1000      1702   16.84   17.89    0.00    0.00   34.74     0  java
09:14:19 PM  1000      1702  100.00  100.00    0.00    0.00  100.00     0  java
09:14:20 PM  1000      1702    3.66   23.17    0.00    0.00   26.83     0  java
09:14:21 PM  1000      1702    0.00    0.00    0.00    0.00    0.00     0  java
09:14:22 PM  1000      1702    0.00    0.00    0.00    0.00    0.00     0  java
09:14:23 PM  1000      1702    0.00    1.02    0.00    0.00    1.02     0  java
09:14:24 PM  1000      1702    0.00    0.00    0.00    0.00    0.00     0  java
09:14:25 PM  1000      1702    0.00    0.00    0.00    0.00    0.00     0  java
09:14:26 PM  1000      1702    0.00    1.01    0.00    0.00    1.01     0  java
09:14:27 PM  1000      1702    0.00    0.00    0.00    0.00    0.00     0  java
09:14:28 PM  1000      1702    0.00    0.00    0.00    0.00    0.00     0  java
09:14:29 PM  1000      1702    0.00    0.00    0.00    0.00    0.00     0  java
09:14:30 PM  1000      1702    0.00    0.00    0.00    0.00    0.00     0  java
09:14:31 PM  1000      1702    0.00    0.00    0.00    0.00    0.00     0  java
09:14:32 PM  1000      1702    0.00    1.00    0.00    0.00    1.00     0  java
09:14:33 PM  1000      1702    0.00    0.00    0.00    0.00    0.00     0  java
Average:     1000      1702   20.16   31.72    0.00    0.00   51.88     -  java
