Linux 5.4.0-42-generic (terumi-pc) 	10/15/2020 	_x86_64_	(8 CPU)

08:18:11 PM   UID       PID  minflt/s  majflt/s     VSZ     RSS   %MEM  Command
08:18:12 PM  1000      1562      0,00      0,00 1755176  675252   8,40  java
08:18:13 PM  1000      1562      0,00      0,00 1755176  675252   8,40  java
08:18:14 PM  1000      1562     66,00      0,00 1755176  675380   8,40  java
08:18:15 PM  1000      1562      3,00      0,00 1755176  675380   8,40  java
08:18:16 PM  1000      1562      4,00      0,00 1755176  675380   8,40  java
08:18:17 PM  1000      1562      3,00      0,00 1755176  675380   8,40  java
08:18:18 PM  1000      1562     12,00      0,00 1755176  675444   8,41  java
08:18:19 PM  1000      1562     11,00      0,00 1755176  675444   8,41  java
08:18:20 PM  1000      1562      9,00      0,00 1755176  675532   8,41  java
08:18:21 PM  1000      1562      5,00      0,00 1755176  675532   8,41  java
08:18:22 PM  1000      1562      4,00      0,00 1755176  675596   8,41  java
08:18:23 PM  1000      1562      4,00      0,00 1755176  675596   8,41  java
08:18:24 PM  1000      1562      0,00      0,00 1755176  675596   8,41  java
08:18:25 PM  1000      1562      0,00      0,00 1755176  675596   8,41  java
08:18:26 PM  1000      1562      0,00      0,00 1755176  675596   8,41  java
Average:     1000      1562      8,07      0,00 1755176  675464   8,41  java
