Linux 5.4.0-42-generic (terumi-pc) 	10/15/2020 	_x86_64_	(8 CPU)

08:22:21 PM   UID       PID  minflt/s  majflt/s     VSZ     RSS   %MEM  Command
08:22:22 PM  1000      1562      0,00      0,00 1755176  677192   8,43  java
08:22:23 PM  1000      1562      0,00      0,00 1755176  677192   8,43  java
08:22:24 PM  1000      1562    199,00      0,00 1755176  677192   8,43  java
08:22:25 PM  1000      1562     10,00      0,00 1755176  677192   8,43  java
08:22:26 PM  1000      1562     45,00      0,00 1755176  677272   8,43  java
08:22:27 PM  1000      1562      2,00      0,00 1755176  677272   8,43  java
08:22:28 PM  1000      1562      0,00      0,00 1755176  677272   8,43  java
08:22:29 PM  1000      1562      0,00      0,00 1755176  677272   8,43  java
08:22:30 PM  1000      1562      0,00      0,00 1755176  677272   8,43  java
08:22:31 PM  1000      1562      7,00      0,00 1755176  677272   8,43  java
08:22:32 PM  1000      1562      3,00      0,00 1755176  677272   8,43  java
08:22:33 PM  1000      1562     18,00      0,00 1755176  677320   8,43  java
08:22:34 PM  1000      1562      1,00      0,00 1755176  677320   8,43  java
08:22:35 PM  1000      1562      0,00      0,00 1755176  677320   8,43  java
08:22:36 PM  1000      1562      0,00      0,00 1755176  677320   8,43  java
Average:     1000      1562     19,00      0,00 1755176  677263   8,43  java
