Linux 5.4.0-42-generic (terumi-pc) 	10/15/2020 	_x86_64_	(8 CPU)

08:16:22 PM   UID       PID  minflt/s  majflt/s     VSZ     RSS   %MEM  Command
08:16:23 PM  1000      1562      0,00      0,00 1755176  674936   8,40  java
08:16:24 PM  1000      1562      1,00      0,00 1755176  674936   8,40  java
08:16:25 PM  1000      1562    131,00      0,00 1755176  674936   8,40  java
08:16:26 PM  1000      1562      8,00      0,00 1755176  674944   8,40  java
08:16:27 PM  1000      1562      9,00      0,00 1755176  674948   8,40  java
08:16:28 PM  1000      1562      0,00      0,00 1755176  674948   8,40  java
08:16:29 PM  1000      1562      0,00      0,00 1755176  674948   8,40  java
08:16:30 PM  1000      1562      0,00      0,00 1755176  674948   8,40  java
08:16:31 PM  1000      1562      2,00      0,00 1755176  674948   8,40  java
08:16:32 PM  1000      1562      5,00      0,00 1755176  674948   8,40  java
08:16:33 PM  1000      1562     12,00      0,00 1755176  675060   8,40  java
08:16:34 PM  1000      1562      1,00      0,00 1755176  675060   8,40  java
08:16:35 PM  1000      1562      0,00      0,00 1755176  675060   8,40  java
08:16:36 PM  1000      1562      0,00      0,00 1755176  675060   8,40  java
08:16:37 PM  1000      1562      0,00      0,00 1755176  675060   8,40  java
Average:     1000      1562     11,27      0,00 1755176  674983   8,40  java
