Linux 5.4.0-42-generic (terumi-pc) 	10/15/2020 	_x86_64_	(8 CPU)

08:15:14 PM   UID       PID  minflt/s  majflt/s     VSZ     RSS   %MEM  Command
08:15:15 PM  1000      1562      0,00      0,00 1755176  674460   8,39  java
08:15:16 PM  1000      1562     35,00      0,00 1755176  674528   8,39  java
08:15:17 PM  1000      1562     24,00      0,00 1755176  674528   8,39  java
08:15:18 PM  1000      1562      4,00      0,00 1755176  674528   8,39  java
08:15:19 PM  1000      1562      3,00      0,00 1755176  674528   8,39  java
08:15:20 PM  1000      1562      1,00      0,00 1755176  674528   8,39  java
08:15:21 PM  1000      1562      7,00      0,00 1755176  674740   8,40  java
08:15:22 PM  1000      1562     20,00      0,00 1755176  674788   8,40  java
08:15:23 PM  1000      1562     20,00      0,00 1755176  674864   8,40  java
08:15:24 PM  1000      1562      7,00      0,00 1755176  674936   8,40  java
08:15:25 PM  1000      1562      1,00      0,00 1755176  674936   8,40  java
08:15:26 PM  1000      1562      0,00      0,00 1755176  674936   8,40  java
08:15:27 PM  1000      1562      2,00      0,00 1755176  674936   8,40  java
08:15:28 PM  1000      1562      0,00      0,00 1755176  674936   8,40  java
08:15:29 PM  1000      1562      0,00      0,00 1755176  674936   8,40  java
Average:     1000      1562      8,27      0,00 1755176  674741   8,40  java
