Linux 5.4.0-42-generic (terumi-pc) 	10/15/2020 	_x86_64_	(8 CPU)

08:14:14 PM   UID       PID  minflt/s  majflt/s     VSZ     RSS   %MEM  Command
08:14:15 PM  1000      1562      0,00      0,00 1755176  674084   8,39  java
08:14:16 PM  1000      1562      0,00      0,00 1755176  674084   8,39  java
08:14:17 PM  1000      1562     14,00      0,00 1755176  674084   8,39  java
08:14:18 PM  1000      1562     17,00      0,00 1755176  674236   8,39  java
08:14:19 PM  1000      1562      6,00      0,00 1755176  674236   8,39  java
08:14:20 PM  1000      1562      6,00      0,00 1755176  674292   8,39  java
08:14:21 PM  1000      1562      6,00      0,00 1755176  674292   8,39  java
08:14:22 PM  1000      1562      1,00      0,00 1755176  674292   8,39  java
08:14:23 PM  1000      1562     11,00      0,00 1755176  674292   8,39  java
08:14:24 PM  1000      1562      9,00      0,00 1755176  674364   8,39  java
08:14:25 PM  1000      1562      6,00      0,00 1755176  674364   8,39  java
08:14:26 PM  1000      1562      5,00      0,00 1755176  674364   8,39  java
08:14:27 PM  1000      1562      0,00      0,00 1755176  674364   8,39  java
08:14:28 PM  1000      1562      0,00      0,00 1755176  674364   8,39  java
08:14:29 PM  1000      1562      0,00      0,00 1755176  674364   8,39  java
Average:     1000      1562      5,40      0,00 1755176  674272   8,39  java
