Linux 5.4.0-42-generic (terumi-pc) 	10/15/2020 	_x86_64_	(8 CPU)

08:12:33 PM   UID       PID  minflt/s  majflt/s     VSZ     RSS   %MEM  Command
08:12:34 PM  1000      1562      1,00      0,00 1755176  672712   8,37  java
08:12:35 PM  1000      1562    158,00      0,00 1755176  672712   8,37  java
08:12:36 PM  1000      1562     21,00      0,00 1755176  672716   8,37  java
08:12:37 PM  1000      1562      5,00      0,00 1755176  672716   8,37  java
08:12:38 PM  1000      1562     51,00      0,00 1755176  672800   8,37  java
08:12:39 PM  1000      1562      9,00      0,00 1755176  672916   8,37  java
08:12:40 PM  1000      1562     11,00      0,00 1755176  673028   8,38  java
08:12:41 PM  1000      1562     26,00      0,00 1755176  673088   8,38  java
08:12:42 PM  1000      1562     14,00      0,00 1755176  673088   8,38  java
08:12:43 PM  1000      1562      6,00      0,00 1755176  673236   8,38  java
08:12:44 PM  1000      1562      8,00      0,00 1755176  673236   8,38  java
08:12:45 PM  1000      1562      0,00      0,00 1755176  673236   8,38  java
08:12:46 PM  1000      1562      0,00      0,00 1755176  673236   8,38  java
08:12:47 PM  1000      1562      0,00      0,00 1755176  673236   8,38  java
08:12:48 PM  1000      1562      0,00      0,00 1755176  673236   8,38  java
Average:     1000      1562     20,67      0,00 1755176  673013   8,38  java
