Linux 5.4.0-42-generic (terumi-pc) 	10/15/2020 	_x86_64_	(8 CPU)

08:13:25 PM   UID       PID  minflt/s  majflt/s     VSZ     RSS   %MEM  Command
08:13:26 PM  1000      1562      0,00      0,00 1755176  673236   8,38  java
08:13:27 PM  1000      1562      0,00      0,00 1755176  673236   8,38  java
08:13:28 PM  1000      1562     49,00      0,00 1755176  673236   8,38  java
08:13:29 PM  1000      1562     17,00      0,00 1755176  673368   8,38  java
08:13:30 PM  1000      1562      2,00      0,00 1755176  673380   8,38  java
08:13:31 PM  1000      1562      7,00      0,00 1755176  673380   8,38  java
08:13:32 PM  1000      1562     12,00      0,00 1755176  673432   8,38  java
08:13:33 PM  1000      1562     20,00      0,00 1755176  673496   8,38  java
08:13:34 PM  1000      1562     35,00      0,00 1755176  673596   8,38  java
08:13:35 PM  1000      1562     17,00      0,00 1755176  673620   8,38  java
08:13:36 PM  1000      1562     14,00      0,00 1755176  673752   8,38  java
08:13:37 PM  1000      1562     10,00      0,00 1755176  673812   8,38  java
08:13:38 PM  1000      1562      0,00      0,00 1755176  673812   8,38  java
08:13:39 PM  1000      1562      0,00      0,00 1755176  673812   8,38  java
08:13:40 PM  1000      1562      0,00      0,00 1755176  673812   8,38  java
Average:     1000      1562     12,20      0,00 1755176  673532   8,38  java
