Linux 5.4.0-42-generic (terumi-pc) 	10/15/2020 	_x86_64_	(8 CPU)

09:06:25 PM   UID       PID  minflt/s  majflt/s     VSZ     RSS   %MEM  Command
09:06:26 PM  1000      1538      0,00      0,00 1821432  728096   9,06  java
09:06:27 PM  1000      1538      0,00      0,00 1821432  728096   9,06  java
09:06:28 PM  1000      1538    145,00      0,00 1821432  728096   9,06  java
09:06:29 PM  1000      1538     93,00      0,00 1821432  728096   9,06  java
09:06:30 PM  1000      1538      1,00      0,00 1821432  728096   9,06  java
09:06:31 PM  1000      1538      2,00      0,00 1821432  728096   9,06  java
09:06:32 PM  1000      1538      0,00      0,00 1821432  728096   9,06  java
09:06:33 PM  1000      1538     14,00      0,00 1821432  728096   9,06  java
09:06:34 PM  1000      1538     12,00      0,00 1821432  728100   9,06  java
09:06:35 PM  1000      1538      6,00      0,00 1821432  728100   9,06  java
09:06:36 PM  1000      1538      1,00      0,00 1821432  728132   9,06  java
09:06:37 PM  1000      1538     12,87      0,00 1821432  728220   9,06  java
09:06:38 PM  1000      1538     19,00      0,00 1821432  728236   9,06  java
09:06:39 PM  1000      1538      0,00      0,00 1821432  728236   9,06  java
09:06:40 PM  1000      1538      0,00      0,00 1821432  728236   9,06  java
Average:     1000      1538     20,39      0,00 1821432  728135   9,06  java
