Linux 5.4.0-42-generic (terumi-pc) 	10/15/2020 	_x86_64_	(8 CPU)

09:08:31 PM   UID       PID  minflt/s  majflt/s     VSZ     RSS   %MEM  Command
09:08:32 PM  1000      1538      0,00      0,00 1821432  728764   9,07  java
09:08:33 PM  1000      1538      0,00      0,00 1821432  728764   9,07  java
09:08:34 PM  1000      1538    359,00      0,00 1821432  728764   9,07  java
09:08:35 PM  1000      1538    186,00      0,00 1821432  728788   9,07  java
09:08:36 PM  1000      1538    179,00      0,00 1821432  728792   9,07  java
09:08:37 PM  1000      1538      0,00      0,00 1821432  728792   9,07  java
09:08:38 PM  1000      1538      0,00      0,00 1821432  728792   9,07  java
09:08:39 PM  1000      1538      4,00      0,00 1821432  728792   9,07  java
09:08:40 PM  1000      1538      4,00      0,00 1821432  728792   9,07  java
09:08:41 PM  1000      1538      4,00      0,00 1821432  728972   9,07  java
09:08:42 PM  1000      1538     39,00      0,00 1821432  729032   9,07  java
09:08:43 PM  1000      1538     45,00      0,00 1821432  729220   9,07  java
09:08:44 PM  1000      1538     15,00      0,00 1821432  729224   9,07  java
09:08:45 PM  1000      1538      0,00      0,00 1821432  729224   9,07  java
09:08:46 PM  1000      1538      0,00      0,00 1821432  729224   9,07  java
Average:     1000      1538     55,67      0,00 1821432  728929   9,07  java
