Linux 5.4.0-42-generic (terumi-pc) 	10/15/2020 	_x86_64_	(8 CPU)

09:11:07 PM   UID       PID  minflt/s  majflt/s     VSZ     RSS   %MEM  Command
09:11:08 PM  1000      1538      0,00      0,00 1822460  729752   9,08  java
09:11:09 PM  1000      1538      0,00      0,00 1822460  729752   9,08  java
09:11:10 PM  1000      1538      0,00      0,00 1822460  729752   9,08  java
09:11:11 PM  1000      1538      0,00      0,00 1822460  729752   9,08  java
09:11:12 PM  1000      1538      0,00      0,00 1822460  729752   9,08  java
09:11:13 PM  1000      1538      0,00      0,00 1822460  729752   9,08  java
09:11:14 PM  1000      1538      0,00      0,00 1822460  729752   9,08  java
09:11:15 PM  1000      1538      0,00      0,00 1822460  729752   9,08  java
09:11:16 PM  1000      1538      0,00      0,00 1822460  729752   9,08  java
09:11:17 PM  1000      1538      1,00      0,00 1822460  729752   9,08  java
09:11:18 PM  1000      1538      0,00      0,00 1822460  729752   9,08  java
09:11:19 PM  1000      1538      0,00      0,00 1822460  729752   9,08  java
09:11:20 PM  1000      1538      0,00      0,00 1822460  729752   9,08  java
09:11:21 PM  1000      1538      0,00      0,00 1822460  729752   9,08  java
09:11:22 PM  1000      1538      0,00      0,00 1822460  729752   9,08  java
Average:     1000      1538      0,07      0,00 1822460  729752   9,08  java
