Linux 5.4.0-42-generic (terumi-pc) 	10/15/2020 	_x86_64_	(8 CPU)

09:07:15 PM   UID       PID  minflt/s  majflt/s     VSZ     RSS   %MEM  Command
09:07:16 PM  1000      1538      0,00      0,00 1821432  728272   9,06  java
09:07:17 PM  1000      1538      0,00      0,00 1821432  728272   9,06  java
09:07:18 PM  1000      1538      0,00      0,00 1821432  728272   9,06  java
09:07:19 PM  1000      1538    305,00      0,00 1824516  728276   9,06  java
09:07:20 PM  1000      1538     21,00      0,00 1824516  728288   9,06  java
09:07:21 PM  1000      1538     29,00      0,00 1824516  728328   9,06  java
09:07:22 PM  1000      1538     21,00      0,00 1824516  728360   9,06  java
09:07:23 PM  1000      1538     13,00      0,00 1824516  728612   9,07  java
09:07:24 PM  1000      1538      4,00      0,00 1824516  728628   9,07  java
09:07:25 PM  1000      1538      0,00      0,00 1824516  728628   9,07  java
09:07:26 PM  1000      1538      7,00      0,00 1824516  728676   9,07  java
09:07:27 PM  1000      1538     34,00      0,00 1824516  728760   9,07  java
09:07:28 PM  1000      1538     24,00      0,00 1824516  728788   9,07  java
09:07:29 PM  1000      1538      0,00      0,00 1824516  728788   9,07  java
09:07:30 PM  1000      1538      0,00      0,00 1824516  728788   9,07  java
Average:     1000      1538     30,53      0,00 1823899  728516   9,07  java
