Linux 5.4.0-42-generic (terumi-pc) 	10/15/2020 	_x86_64_	(8 CPU)

09:10:13 PM   UID       PID  minflt/s  majflt/s     VSZ     RSS   %MEM  Command
09:10:14 PM  1000      1538      0,00      0,00 1822460  729576   9,08  java
09:10:15 PM  1000      1538      0,00      0,00 1822460  729576   9,08  java
09:10:16 PM  1000      1538      1,00      0,00 1822460  729576   9,08  java
09:10:17 PM  1000      1538      7,00      0,00 1822460  729576   9,08  java
09:10:18 PM  1000      1538      2,00      0,00 1822460  729576   9,08  java
09:10:19 PM  1000      1538      0,00      0,00 1822460  729576   9,08  java
09:10:20 PM  1000      1538      3,00      0,00 1822460  729644   9,08  java
09:10:21 PM  1000      1538     20,00      0,00 1822460  729684   9,08  java
09:10:22 PM  1000      1538      1,00      0,00 1822460  729684   9,08  java
09:10:23 PM  1000      1538     14,00      0,00 1822460  729700   9,08  java
09:10:24 PM  1000      1538      8,00      0,00 1822460  729752   9,08  java
09:10:25 PM  1000      1538      0,00      0,00 1822460  729752   9,08  java
09:10:26 PM  1000      1538      0,00      0,00 1822460  729752   9,08  java
09:10:27 PM  1000      1538      0,00      0,00 1822460  729752   9,08  java
09:10:28 PM  1000      1538      0,00      0,00 1822460  729752   9,08  java
Average:     1000      1538      3,73      0,00 1822460  729662   9,08  java
