Linux 5.4.0-42-generic (terumi-pc) 	10/15/2020 	_x86_64_	(8 CPU)

09:12:03 PM   UID       PID  minflt/s  majflt/s     VSZ     RSS   %MEM  Command
09:12:04 PM  1000      1538      0,00      0,00 1822460  729752   9,08  java
09:12:05 PM  1000      1538      0,00      0,00 1822460  729752   9,08  java
09:12:06 PM  1000      1538    142,00      0,00 1822460  729752   9,08  java
09:12:07 PM  1000      1538      7,00      0,00 1822460  729752   9,08  java
09:12:08 PM  1000      1538      0,00      0,00 1822460  729752   9,08  java
09:12:09 PM  1000      1538      0,00      0,00 1822460  729752   9,08  java
09:12:10 PM  1000      1538      0,00      0,00 1822460  729752   9,08  java
09:12:11 PM  1000      1538     89,00      0,00 1822460  729752   9,08  java
09:12:12 PM  1000      1538      0,00      0,00 1822460  729752   9,08  java
09:12:13 PM  1000      1538      1,00      0,00 1822460  729752   9,08  java
09:12:14 PM  1000      1538      3,00      0,00 1822460  729828   9,08  java
09:12:15 PM  1000      1538      0,00      0,00 1822460  729828   9,08  java
09:12:16 PM  1000      1538      0,00      0,00 1822460  729828   9,08  java
09:12:17 PM  1000      1538      0,00      0,00 1822460  729828   9,08  java
09:12:18 PM  1000      1538      0,00      0,00 1822460  729828   9,08  java
Average:     1000      1538     16,12      0,00 1822460  729777   9,08  java
