Linux 5.4.0-42-generic (terumi-pc) 	10/15/2020 	_x86_64_	(8 CPU)

09:15:01 PM   UID       PID  minflt/s  majflt/s     VSZ     RSS   %MEM  Command
09:15:02 PM  1000      1538      0,00      0,00 1825544  729920   9,08  java
09:15:03 PM  1000      1538      1,00      0,00 1825544  729920   9,08  java
09:15:04 PM  1000      1538      0,00      0,00 1825544  729920   9,08  java
09:15:05 PM  1000      1538    203,00      0,00 1825544  729920   9,08  java
09:15:06 PM  1000      1538     10,00      0,00 1825544  729920   9,08  java
09:15:07 PM  1000      1538      2,00      0,00 1825544  729920   9,08  java
09:15:08 PM  1000      1538      4,00      0,00 1825544  729920   9,08  java
09:15:09 PM  1000      1538      1,00      0,00 1825544  729920   9,08  java
09:15:10 PM  1000      1538      0,00      0,00 1825544  729920   9,08  java
09:15:11 PM  1000      1538      0,00      0,00 1825544  729920   9,08  java
09:15:12 PM  1000      1538    168,00      0,00 1825544  729920   9,08  java
09:15:13 PM  1000      1538      1,00      0,00 1825544  729920   9,08  java
09:15:14 PM  1000      1538      0,00      0,00 1825544  729920   9,08  java
09:15:15 PM  1000      1538      0,00      0,00 1825544  729920   9,08  java
09:15:16 PM  1000      1538      0,00      0,00 1825544  729920   9,08  java
Average:     1000      1538     26,00      0,00 1825544  729920   9,08  java
