Linux 5.4.0-42-generic (terumi-pc) 	10/15/2020 	_x86_64_	(8 CPU)

08:17:21 PM   UID       PID  minflt/s  majflt/s     VSZ     RSS   %MEM  Command
08:17:22 PM  1000      1562      0,00      0,00 1755176  675060   8,40  java
08:17:23 PM  1000      1562      0,00      0,00 1755176  675060   8,40  java
08:17:24 PM  1000      1562    230,00      0,00 1755176  675060   8,40  java
08:17:25 PM  1000      1562     25,00      0,00 1755176  675120   8,40  java
08:17:26 PM  1000      1562      7,00      0,00 1755176  675120   8,40  java
08:17:27 PM  1000      1562      4,00      0,00 1755176  675184   8,40  java
08:17:28 PM  1000      1562      2,00      0,00 1755176  675184   8,40  java
08:17:29 PM  1000      1562      1,00      0,00 1755176  675184   8,40  java
08:17:30 PM  1000      1562      0,00      0,00 1755176  675184   8,40  java
08:17:31 PM  1000      1562      2,00      0,00 1755176  675184   8,40  java
08:17:32 PM  1000      1562      2,00      0,00 1755176  675184   8,40  java
08:17:33 PM  1000      1562      1,00      0,00 1755176  675184   8,40  java
08:17:34 PM  1000      1562      0,00      0,00 1755176  675184   8,40  java
08:17:35 PM  1000      1562      0,00      0,00 1755176  675184   8,40  java
08:17:36 PM  1000      1562      0,00      0,00 1755176  675184   8,40  java
Average:     1000      1562     18,27      0,00 1755176  675151   8,40  java
