Linux 5.4.0-42-generic (terumi-pc) 	10/15/2020 	_x86_64_	(8 CPU)

08:24:06 PM   UID       PID  minflt/s  majflt/s     VSZ     RSS   %MEM  Command
08:24:07 PM  1000      1562      3,00      0,00 1755176  677668   8,43  java
08:24:08 PM  1000      1562      0,00      0,00 1755176  677668   8,43  java
08:24:09 PM  1000      1562      0,00      0,00 1755176  677668   8,43  java
08:24:10 PM  1000      1562      0,00      0,00 1755176  677668   8,43  java
08:24:11 PM  1000      1562      7,00      0,00 1755176  677668   8,43  java
08:24:12 PM  1000      1562      6,00      0,00 1755176  677724   8,43  java
08:24:13 PM  1000      1562      7,00      0,00 1755176  677724   8,43  java
08:24:14 PM  1000      1562      9,00      0,00 1755176  677724   8,43  java
08:24:15 PM  1000      1562      2,00      0,00 1755176  677784   8,43  java
08:24:16 PM  1000      1562      9,00      0,00 1755176  677784   8,43  java
08:24:17 PM  1000      1562      8,00      0,00 1755176  677832   8,44  java
08:24:18 PM  1000      1562     26,00      0,00 1755176  677868   8,44  java
08:24:19 PM  1000      1562     24,00      0,00 1755176  677960   8,44  java
08:24:20 PM  1000      1562      0,00      0,00 1755176  677960   8,44  java
08:24:21 PM  1000      1562      0,00      0,00 1755176  677960   8,44  java
Average:     1000      1562      6,73      0,00 1755176  677777   8,43  java
