Linux 5.4.0-42-generic (terumi-pc) 	10/15/2020 	_x86_64_	(8 CPU)

08:19:51 PM   UID       PID  minflt/s  majflt/s     VSZ     RSS   %MEM  Command
08:19:52 PM  1000      1562      0,00      0,00 1755176  676072   8,41  java
08:19:53 PM  1000      1562      0,00      0,00 1755176  676072   8,41  java
08:19:54 PM  1000      1562     66,00      0,00 1755176  676072   8,41  java
08:19:55 PM  1000      1562      2,97      0,00 1755176  676072   8,41  java
08:19:56 PM  1000      1562      0,00      0,00 1755176  676072   8,41  java
08:19:57 PM  1000      1562      0,00      0,00 1755176  676072   8,41  java
08:19:58 PM  1000      1562      6,00      0,00 1755176  676172   8,41  java
08:19:59 PM  1000      1562     13,00      0,00 1755176  676172   8,41  java
08:20:00 PM  1000      1562      0,00      0,00 1755176  676172   8,41  java
08:20:01 PM  1000      1562      0,00      0,00 1755176  676172   8,41  java
08:20:02 PM  1000      1562      0,00      0,00 1755176  676172   8,41  java
08:20:03 PM  1000      1562      4,00      0,00 1755176  676232   8,42  java
08:20:04 PM  1000      1562      0,00      0,00 1755176  676232   8,42  java
08:20:05 PM  1000      1562      0,00      0,00 1755176  676232   8,42  java
08:20:06 PM  1000      1562      0,00      0,00 1755176  676232   8,42  java
Average:     1000      1562      6,13      0,00 1755176  676148   8,41  java
