Linux 5.4.0-42-generic (terumi-pc) 	10/15/2020 	_x86_64_	(8 CPU)

08:20:41 PM   UID       PID  minflt/s  majflt/s     VSZ     RSS   %MEM  Command
08:20:42 PM  1000      1562      0,00      0,00 1755176  676232   8,42  java
08:20:43 PM  1000      1562      0,00      0,00 1755176  676232   8,42  java
08:20:44 PM  1000      1562      0,00      0,00 1755176  676232   8,42  java
08:20:45 PM  1000      1562      2,00      0,00 1755176  676232   8,42  java
08:20:46 PM  1000      1562      0,00      0,00 1755176  676232   8,42  java
08:20:47 PM  1000      1562     13,00      0,00 1755176  676232   8,42  java
08:20:48 PM  1000      1562      4,00      0,00 1755176  676308   8,42  java
08:20:49 PM  1000      1562     21,00      0,00 1755176  676324   8,42  java
08:20:50 PM  1000      1562      8,00      0,00 1755176  676432   8,42  java
08:20:51 PM  1000      1562      8,00      0,00 1755176  676432   8,42  java
08:20:52 PM  1000      1562     20,00      0,00 1755176  676472   8,42  java
08:20:53 PM  1000      1562      9,00      0,00 1755176  676548   8,42  java
08:20:54 PM  1000      1562     22,00      0,00 1755176  676584   8,42  java
08:20:55 PM  1000      1562      0,00      0,00 1755176  676584   8,42  java
08:20:56 PM  1000      1562      0,00      0,00 1755176  676584   8,42  java
Average:     1000      1562      7,13      0,00 1755176  676377   8,42  java
