Linux 5.4.0-42-generic (terumi-pc) 	10/15/2020 	_x86_64_	(8 CPU)

08:19:00 PM   UID       PID  minflt/s  majflt/s     VSZ     RSS   %MEM  Command
08:19:01 PM  1000      1562      0,00      0,00 1755176  675652   8,41  java
08:19:02 PM  1000      1562      0,00      0,00 1755176  675652   8,41  java
08:19:03 PM  1000      1562      6,00      0,00 1755176  675652   8,41  java
08:19:04 PM  1000      1562     11,00      0,00 1755176  675716   8,41  java
08:19:05 PM  1000      1562     10,00      0,00 1755176  675716   8,41  java
08:19:06 PM  1000      1562     12,00      0,00 1755176  675780   8,41  java
08:19:07 PM  1000      1562     20,00      0,00 1755176  675856   8,41  java
08:19:08 PM  1000      1562      8,00      0,00 1755176  675856   8,41  java
08:19:09 PM  1000      1562     17,00      0,00 1755176  675908   8,41  java
08:19:10 PM  1000      1562     10,00      0,00 1755176  675976   8,41  java
08:19:11 PM  1000      1562     20,00      0,00 1755176  676044   8,41  java
08:19:12 PM  1000      1562      3,00      0,00 1755176  676044   8,41  java
08:19:13 PM  1000      1562     15,00      0,00 1755176  676072   8,41  java
08:19:14 PM  1000      1562     11,00      0,00 1755176  676072   8,41  java
08:19:15 PM  1000      1562      0,00      0,00 1755176  676072   8,41  java
Average:     1000      1562      9,53      0,00 1755176  675871   8,41  java
