Linux 5.4.0-42-generic (terumi-pc) 	10/15/2020 	_x86_64_	(8 CPU)

08:21:30 PM   UID       PID  minflt/s  majflt/s     VSZ     RSS   %MEM  Command
08:21:31 PM  1000      1562      1,00      0,00 1755176  676584   8,42  java
08:21:32 PM  1000      1562      0,00      0,00 1755176  676584   8,42  java
08:21:33 PM  1000      1562     13,00      0,00 1755176  676684   8,42  java
08:21:34 PM  1000      1562     13,00      0,00 1755176  676684   8,42  java
08:21:35 PM  1000      1562     27,00      0,00 1755176  676728   8,42  java
08:21:36 PM  1000      1562     10,00      0,00 1755176  676880   8,42  java
08:21:37 PM  1000      1562     37,00      0,00 1755176  676984   8,42  java
08:21:38 PM  1000      1562     16,00      0,00 1755176  677056   8,43  java
08:21:39 PM  1000      1562     16,00      0,00 1755176  677132   8,43  java
08:21:40 PM  1000      1562      5,00      0,00 1755176  677152   8,43  java
08:21:41 PM  1000      1562     10,00      0,00 1755176  677188   8,43  java
08:21:42 PM  1000      1562      3,00      0,00 1755176  677192   8,43  java
08:21:43 PM  1000      1562      0,00      0,00 1755176  677192   8,43  java
08:21:44 PM  1000      1562      1,00      0,00 1755176  677192   8,43  java
08:21:45 PM  1000      1562      0,00      0,00 1755176  677192   8,43  java
Average:     1000      1562     10,13      0,00 1755176  676962   8,42  java
