Linux 5.4.0-42-generic (terumi-pc) 	10/15/2020 	_x86_64_	(8 CPU)

08:23:13 PM   UID       PID  minflt/s  majflt/s     VSZ     RSS   %MEM  Command
08:23:14 PM  1000      1562      1,00      0,00 1755176  677320   8,43  java
08:23:15 PM  1000      1562      0,00      0,00 1755176  677320   8,43  java
08:23:16 PM  1000      1562    170,00      0,00 1755176  677320   8,43  java
08:23:17 PM  1000      1562     11,00      0,00 1755176  677320   8,43  java
08:23:18 PM  1000      1562      2,00      0,00 1755176  677400   8,43  java
08:23:19 PM  1000      1562     11,00      0,00 1755176  677400   8,43  java
08:23:20 PM  1000      1562      9,00      0,00 1755176  677448   8,43  java
08:23:21 PM  1000      1562      9,00      0,00 1755176  677448   8,43  java
08:23:22 PM  1000      1562      8,00      0,00 1755176  677472   8,43  java
08:23:23 PM  1000      1562     14,00      0,00 1755176  677548   8,43  java
08:23:24 PM  1000      1562      7,00      0,00 1755176  677592   8,43  java
08:23:25 PM  1000      1562     19,00      0,00 1755176  677660   8,43  java
08:23:26 PM  1000      1562      0,00      0,00 1755176  677660   8,43  java
08:23:27 PM  1000      1562      0,00      0,00 1755176  677660   8,43  java
08:23:28 PM  1000      1562      0,00      0,00 1755176  677660   8,43  java
Average:     1000      1562     17,40      0,00 1755176  677482   8,43  java
