Linux 5.4.0-42-generic (terumi-pc) 	10/15/2020 	_x86_64_	(8 CPU)

08:24:55 PM   UID       PID  minflt/s  majflt/s     VSZ     RSS   %MEM  Command
08:24:56 PM  1000      1562      0,00      0,00 1755176  677960   8,44  java
08:24:57 PM  1000      1562      0,00      0,00 1755176  677960   8,44  java
08:24:58 PM  1000      1562     82,00      0,00 1755176  677960   8,44  java
08:24:59 PM  1000      1562      7,00      0,00 1755176  677960   8,44  java
08:25:00 PM  1000      1562      4,00      0,00 1755176  677960   8,44  java
08:25:01 PM  1000      1562      0,00      0,00 1755176  677960   8,44  java
08:25:02 PM  1000      1562      1,00      0,00 1755176  677960   8,44  java
08:25:03 PM  1000      1562      0,00      0,00 1755176  677960   8,44  java
08:25:04 PM  1000      1562      0,00      0,00 1755176  677960   8,44  java
08:25:05 PM  1000      1562      0,00      0,00 1755176  677960   8,44  java
08:25:06 PM  1000      1562      5,00      0,00 1755176  677960   8,44  java
08:25:07 PM  1000      1562      7,00      0,00 1755176  678092   8,44  java
08:25:08 PM  1000      1562      0,00      0,00 1755176  678092   8,44  java
08:25:09 PM  1000      1562      0,00      0,00 1755176  678092   8,44  java
08:25:10 PM  1000      1562      0,00      0,00 1755176  678092   8,44  java
Average:     1000      1562      7,07      0,00 1755176  677995   8,44  java
