Linux 5.4.0-42-generic (terumi-pc) 	10/15/2020 	_x86_64_	(8 CPU)

08:13:25 PM   UID       PID    %usr %system  %guest   %wait    %CPU   CPU  Command
08:13:26 PM  1000      1562    0,99    0,99    0,00    0,00    1,98     3  java
08:13:27 PM  1000      1562    0,00    0,00    0,00    0,00    0,00     3  java
08:13:28 PM  1000      1562   34,00    0,00    0,00    0,00   34,00     3  java
08:13:29 PM  1000      1562   35,00    2,00    0,00    0,00   37,00     3  java
08:13:30 PM  1000      1562   32,00    3,00    0,00    0,00   35,00     3  java
08:13:31 PM  1000      1562   23,00    3,00    0,00    0,00   26,00     3  java
08:13:32 PM  1000      1562   34,00    1,00    0,00    0,00   35,00     3  java
08:13:33 PM  1000      1562   61,00    2,00    0,00    0,00   63,00     3  java
08:13:34 PM  1000      1562   72,00    1,00    0,00    0,00   73,00     3  java
08:13:35 PM  1000      1562   48,00    1,00    0,00    0,00   49,00     3  java
08:13:36 PM  1000      1562   37,00    1,00    0,00    0,00   38,00     3  java
08:13:37 PM  1000      1562   35,00    2,00    0,00    0,00   37,00     3  java
08:13:38 PM  1000      1562    0,00    0,00    0,00    0,00    0,00     3  java
08:13:39 PM  1000      1562    1,00    0,00    0,00    0,00    1,00     3  java
08:13:40 PM  1000      1562    0,00    0,00    0,00    0,00    0,00     3  java
Average:     1000      1562   27,51    1,13    0,00    0,00   28,65     -  java
