Linux 5.4.0-42-generic (terumi-pc) 	10/15/2020 	_x86_64_	(8 CPU)

08:23:13 PM   UID       PID    %usr %system  %guest   %wait    %CPU   CPU  Command
08:23:14 PM  1000      1562    0,00    0,00    0,00    0,00    0,00     3  java
08:23:15 PM  1000      1562    0,00    0,00    0,00    0,00    0,00     3  java
08:23:16 PM  1000      1562   10,00    2,00    0,00    0,00   12,00     3  java
08:23:17 PM  1000      1562   16,00    1,00    0,00    0,00   17,00     3  java
08:23:18 PM  1000      1562   17,00    1,00    0,00    0,00   18,00     3  java
08:23:19 PM  1000      1562   30,00    1,00    0,00    0,00   31,00     3  java
08:23:20 PM  1000      1562   26,00    3,00    0,00    0,00   29,00     3  java
08:23:21 PM  1000      1562   37,00    5,00    0,00    0,00   42,00     3  java
08:23:22 PM  1000      1562   32,00    1,00    0,00    0,00   33,00     3  java
08:23:23 PM  1000      1562   34,00    1,00    0,00    0,00   35,00     3  java
08:23:24 PM  1000      1562   29,00    1,00    0,00    0,00   30,00     3  java
08:23:25 PM  1000      1562   41,00    1,00    0,00    0,00   42,00     3  java
08:23:26 PM  1000      1562    0,00    0,00    0,00    0,00    0,00     3  java
08:23:27 PM  1000      1562    0,00    0,00    0,00    0,00    0,00     3  java
08:23:28 PM  1000      1562    1,00    0,00    0,00    0,00    1,00     3  java
Average:     1000      1562   18,20    1,13    0,00    0,00   19,33     -  java
