Linux 5.4.0-42-generic (terumi-pc) 	10/15/2020 	_x86_64_	(8 CPU)

08:21:30 PM   UID       PID    %usr %system  %guest   %wait    %CPU   CPU  Command
08:21:31 PM  1000      1562    0,00    0,00    0,00    0,00    0,00     3  java
08:21:32 PM  1000      1562    0,00    0,00    0,00    0,00    0,00     3  java
08:21:33 PM  1000      1562   28,00    2,00    0,00    0,00   30,00     3  java
08:21:34 PM  1000      1562   45,00    1,00    0,00    0,00   46,00     3  java
08:21:35 PM  1000      1562   69,00    1,00    0,00    0,00   70,00     3  java
08:21:36 PM  1000      1562   55,00    1,00    0,00    0,00   56,00     3  java
08:21:37 PM  1000      1562  106,00    3,00    0,00    0,00  109,00     3  java
08:21:38 PM  1000      1562   48,00    1,00    0,00    0,00   49,00     3  java
08:21:39 PM  1000      1562   30,00    2,00    0,00    0,00   32,00     3  java
08:21:40 PM  1000      1562   21,00    2,00    0,00    0,00   23,00     3  java
08:21:41 PM  1000      1562   40,00    2,00    0,00    0,00   42,00     3  java
08:21:42 PM  1000      1562   11,00    1,00    0,00    0,00   12,00     3  java
08:21:43 PM  1000      1562    1,00    0,00    0,00    0,00    1,00     3  java
08:21:44 PM  1000      1562    1,00    0,00    0,00    0,00    1,00     3  java
08:21:45 PM  1000      1562    0,00    0,00    0,00    0,00    0,00     3  java
Average:     1000      1562   30,33    1,07    0,00    0,00   31,40     -  java
