Linux 5.4.0-42-generic (terumi-pc) 	10/15/2020 	_x86_64_	(8 CPU)

08:16:22 PM   UID       PID    %usr %system  %guest   %wait    %CPU   CPU  Command
08:16:23 PM  1000      1562    0,00    0,00    0,00    0,00    0,00     3  java
08:16:24 PM  1000      1562    0,00    0,00    0,00    0,00    0,00     3  java
08:16:25 PM  1000      1562   26,00    2,00    0,00    0,00   28,00     3  java
08:16:26 PM  1000      1562   23,00    2,00    0,00    0,00   25,00     3  java
08:16:27 PM  1000      1562   27,00    2,00    0,00    0,00   29,00     3  java
08:16:28 PM  1000      1562   14,00    0,00    0,00    0,00   14,00     3  java
08:16:29 PM  1000      1562   16,00    0,00    0,00    0,00   16,00     3  java
08:16:30 PM  1000      1562   25,00    4,00    0,00    0,00   29,00     3  java
08:16:31 PM  1000      1562   18,00    0,00    0,00    0,00   18,00     3  java
08:16:32 PM  1000      1562   24,00    2,00    0,00    0,00   26,00     3  java
08:16:33 PM  1000      1562   67,00    3,00    0,00    0,00   70,00     3  java
08:16:34 PM  1000      1562   12,00    0,00    0,00    0,00   12,00     3  java
08:16:35 PM  1000      1562    0,00    0,00    0,00    0,00    0,00     3  java
08:16:36 PM  1000      1562    0,00    1,00    0,00    0,00    1,00     3  java
08:16:37 PM  1000      1562    0,00    0,00    0,00    0,00    0,00     3  java
Average:     1000      1562   16,80    1,07    0,00    0,00   17,87     -  java
