Linux 5.4.0-42-generic (terumi-pc) 	10/15/2020 	_x86_64_	(8 CPU)

08:17:21 PM   UID       PID    %usr %system  %guest   %wait    %CPU   CPU  Command
08:17:22 PM  1000      1562    0,00    0,00    0,00    0,00    0,00     3  java
08:17:23 PM  1000      1562    0,00    0,00    0,00    0,00    0,00     3  java
08:17:24 PM  1000      1562   14,00    2,00    0,00    0,00   16,00     3  java
08:17:25 PM  1000      1562   39,00    1,00    0,00    0,00   40,00     3  java
08:17:26 PM  1000      1562   25,00    3,00    0,00    0,00   28,00     3  java
08:17:27 PM  1000      1562   26,00    0,00    0,00    0,00   26,00     3  java
08:17:28 PM  1000      1562   33,00    4,00    0,00    0,00   37,00     3  java
08:17:29 PM  1000      1562   21,00    0,00    0,00    0,00   21,00     3  java
08:17:30 PM  1000      1562   14,00    2,00    0,00    0,00   16,00     3  java
08:17:31 PM  1000      1562   19,00    2,00    0,00    0,00   21,00     3  java
08:17:32 PM  1000      1562   21,00    1,00    0,00    0,00   22,00     3  java
08:17:33 PM  1000      1562   15,00    1,00    0,00    0,00   16,00     3  java
08:17:34 PM  1000      1562    0,00    0,00    0,00    0,00    0,00     3  java
08:17:35 PM  1000      1562    0,00    0,00    0,00    0,00    0,00     3  java
08:17:36 PM  1000      1562    0,00    0,00    0,00    0,00    0,00     3  java
Average:     1000      1562   15,13    1,07    0,00    0,00   16,20     -  java
