Linux 5.4.0-42-generic (terumi-pc) 	10/15/2020 	_x86_64_	(8 CPU)

08:12:33 PM   UID       PID    %usr %system  %guest   %wait    %CPU   CPU  Command
08:12:34 PM  1000      1562    1,00    0,00    0,00    0,00    1,00     3  java
08:12:35 PM  1000      1562   27,00    2,00    0,00    0,00   29,00     3  java
08:12:36 PM  1000      1562   33,00    2,00    0,00    0,00   35,00     3  java
08:12:37 PM  1000      1562   33,00    1,00    0,00    0,00   34,00     3  java
08:12:38 PM  1000      1562  143,00    1,00    0,00    0,00  144,00     3  java
08:12:39 PM  1000      1562   31,00    2,00    0,00    0,00   33,00     3  java
08:12:40 PM  1000      1562   29,00    1,00    0,00    0,00   30,00     3  java
08:12:41 PM  1000      1562   35,00    2,00    0,00    0,00   37,00     3  java
08:12:42 PM  1000      1562   43,00    1,00    0,00    0,00   44,00     3  java
08:12:43 PM  1000      1562   20,00    2,00    0,00    0,00   22,00     3  java
08:12:44 PM  1000      1562   31,00    1,00    0,00    0,00   32,00     3  java
08:12:45 PM  1000      1562   21,00    0,00    0,00    0,00   21,00     3  java
08:12:46 PM  1000      1562    0,00    0,00    0,00    0,00    0,00     3  java
08:12:47 PM  1000      1562    1,00    0,00    0,00    0,00    1,00     3  java
08:12:48 PM  1000      1562    0,00    0,00    0,00    0,00    0,00     3  java
Average:     1000      1562   29,87    1,00    0,00    0,00   30,87     -  java
