Linux 5.4.0-42-generic (terumi-pc) 	10/15/2020 	_x86_64_	(8 CPU)

08:24:55 PM   UID       PID    %usr %system  %guest   %wait    %CPU   CPU  Command
08:24:56 PM  1000      1562    0,00    0,00    0,00    0,00    0,00     3  java
08:24:57 PM  1000      1562    0,00    0,00    0,00    0,00    0,00     3  java
08:24:58 PM  1000      1562   11,00    2,00    0,00    0,00   13,00     3  java
08:24:59 PM  1000      1562   21,00    3,00    0,00    0,00   24,00     3  java
08:25:00 PM  1000      1562   15,00    0,00    0,00    0,00   15,00     3  java
08:25:01 PM  1000      1562   12,00    1,00    0,00    0,00   13,00     3  java
08:25:02 PM  1000      1562   28,00    0,00    0,00    0,00   28,00     3  java
08:25:03 PM  1000      1562   21,00    4,00    0,00    0,00   25,00     3  java
08:25:04 PM  1000      1562   15,00    5,00    0,00    0,00   20,00     3  java
08:25:05 PM  1000      1562   24,00    3,00    0,00    0,00   27,00     3  java
08:25:06 PM  1000      1562   20,00    2,00    0,00    0,00   22,00     3  java
08:25:07 PM  1000      1562   24,00    0,00    0,00    0,00   24,00     3  java
08:25:08 PM  1000      1562    2,00    0,00    0,00    0,00    2,00     3  java
08:25:09 PM  1000      1562    0,00    0,00    0,00    0,00    0,00     3  java
08:25:10 PM  1000      1562    0,00    0,00    0,00    0,00    0,00     3  java
Average:     1000      1562   12,87    1,33    0,00    0,00   14,20     -  java
