Linux 5.4.0-42-generic (terumi-pc) 	10/15/2020 	_x86_64_	(8 CPU)

08:19:51 PM   UID       PID    %usr %system  %guest   %wait    %CPU   CPU  Command
08:19:52 PM  1000      1562    0,00    0,00    0,00    0,00    0,00     3  java
08:19:53 PM  1000      1562    0,00    0,00    0,00    0,00    0,00     3  java
08:19:54 PM  1000      1562   29,00    0,00    0,00    0,00   29,00     3  java
08:19:55 PM  1000      1562   25,74    0,99    0,00    0,00   26,73     3  java
08:19:56 PM  1000      1562   34,00    2,00    0,00    0,00   36,00     3  java
08:19:57 PM  1000      1562   24,00    1,00    0,00    0,00   25,00     3  java
08:19:58 PM  1000      1562   52,00    2,00    0,00    0,00   54,00     3  java
08:19:59 PM  1000      1562   48,00    1,00    0,00    0,00   49,00     3  java
08:20:00 PM  1000      1562   14,00    1,00    0,00    0,00   15,00     3  java
08:20:01 PM  1000      1562   26,00    0,00    0,00    0,00   26,00     3  java
08:20:02 PM  1000      1562   25,00    2,00    0,00    0,00   27,00     3  java
08:20:03 PM  1000      1562   24,00    3,00    0,00    0,00   27,00     3  java
08:20:04 PM  1000      1562    0,00    0,00    0,00    0,00    0,00     3  java
08:20:05 PM  1000      1562    0,00    0,00    0,00    0,00    0,00     3  java
08:20:06 PM  1000      1562    1,00    0,00    0,00    0,00    1,00     3  java
Average:     1000      1562   20,19    0,87    0,00    0,00   21,05     -  java
