Linux 5.4.0-42-generic (terumi-pc) 	10/15/2020 	_x86_64_	(8 CPU)

09:41:09 PM   UID       PID  minflt/s  majflt/s     VSZ     RSS   %MEM  Command
09:41:10 PM  1000      1534      1,00      0,00 1848072  690812   8,60  java
09:41:11 PM  1000      1534      0,00      0,00 1848072  690812   8,60  java
09:41:12 PM  1000      1534    255,00      0,00 1857324  691292   8,60  java
09:41:13 PM  1000      1534      4,00      0,00 1857324  691292   8,60  java
09:41:14 PM  1000      1534      1,00      0,00 1857324  691292   8,60  java
09:41:15 PM  1000      1534      0,00      0,00 1857324  691292   8,60  java
09:41:16 PM  1000      1534      1,00      0,00 1857324  691292   8,60  java
09:41:17 PM  1000      1534      0,00      0,00 1857324  691292   8,60  java
09:41:18 PM  1000      1534      1,00      0,00 1857324  691292   8,60  java
09:41:19 PM  1000      1534      1,00      0,00 1857324  691292   8,60  java
09:41:20 PM  1000      1534      0,00      0,00 1857324  691292   8,60  java
09:41:21 PM  1000      1534      0,00      0,00 1857324  691292   8,60  java
09:41:22 PM  1000      1534      0,00      0,00 1857324  691292   8,60  java
09:41:23 PM  1000      1534      0,00      0,00 1857324  691292   8,60  java
09:41:24 PM  1000      1534      0,00      0,00 1857324  691292   8,60  java
Average:     1000      1534     17,59      0,00 1856090  691228   8,60  java
