Linux 5.4.0-42-generic (terumi-pc) 	10/15/2020 	_x86_64_	(8 CPU)

09:39:27 PM   UID       PID  minflt/s  majflt/s     VSZ     RSS   %MEM  Command
09:39:28 PM  1000      1534      0,00      0,00 1834708  690584   8,59  java
09:39:29 PM  1000      1534      0,00      0,00 1834708  690584   8,59  java
09:39:30 PM  1000      1534      0,00      0,00 1834708  690584   8,59  java
09:39:31 PM  1000      1534    184,00      0,00 1841904  690584   8,59  java
09:39:32 PM  1000      1534      9,00      0,00 1841904  690584   8,59  java
09:39:33 PM  1000      1534      6,00      0,00 1841904  690584   8,59  java
09:39:34 PM  1000      1534      0,00      0,00 1841904  690584   8,59  java
09:39:35 PM  1000      1534      0,00      0,00 1841904  690584   8,59  java
09:39:36 PM  1000      1534     12,00      0,00 1841904  690644   8,59  java
09:39:37 PM  1000      1534      0,00      0,00 1841904  690644   8,59  java
09:39:38 PM  1000      1534      0,00      0,00 1841904  690644   8,59  java
09:39:39 PM  1000      1534      1,00      0,00 1841904  690644   8,59  java
09:39:40 PM  1000      1534      3,00      0,00 1841904  690644   8,59  java
09:39:41 PM  1000      1534      0,00      0,00 1841904  690644   8,59  java
09:39:42 PM  1000      1534      0,00      0,00 1841904  690644   8,59  java
Average:     1000      1534     14,33      0,00 1840465  690612   8,59  java
