Linux 5.4.0-42-generic (terumi-pc) 	10/15/2020 	_x86_64_	(8 CPU)

09:43:11 PM   UID       PID  minflt/s  majflt/s     VSZ     RSS   %MEM  Command
09:43:12 PM  1000      1534      1,00      0,00 1834700  691200   8,60  java
09:43:13 PM  1000      1534      0,00      0,00 1834700  691200   8,60  java
09:43:14 PM  1000      1534    402,00      0,00 1834700  691200   8,60  java
09:43:15 PM  1000      1534    125,00      0,00 1834700  691200   8,60  java
09:43:16 PM  1000      1534     63,00      0,00 1834700  691200   8,60  java
09:43:17 PM  1000      1534     40,00      0,00 1834700  691200   8,60  java
09:43:18 PM  1000      1534      2,00      0,00 1834700  691200   8,60  java
09:43:19 PM  1000      1534      0,00      0,00 1834700  691200   8,60  java
09:43:20 PM  1000      1534      0,00      0,00 1834700  691200   8,60  java
09:43:21 PM  1000      1534      0,00      0,00 1834700  691200   8,60  java
09:43:22 PM  1000      1534      3,00      0,00 1834700  691200   8,60  java
09:43:23 PM  1000      1534      0,00      0,00 1834700  691200   8,60  java
09:43:24 PM  1000      1534      0,00      0,00 1834700  691200   8,60  java
09:43:25 PM  1000      1534      0,00      0,00 1834700  691200   8,60  java
09:43:26 PM  1000      1534      0,00      0,00 1834700  691200   8,60  java
Average:     1000      1534     42,40      0,00 1834700  691200   8,60  java
