Linux 5.4.0-42-generic (terumi-pc) 	10/15/2020 	_x86_64_	(8 CPU)

09:37:16 PM   UID       PID  minflt/s  majflt/s     VSZ     RSS   %MEM  Command
09:37:17 PM  1000      1534      0,00      0,00 1860408  690244   8,59  java
09:37:18 PM  1000      1534      0,00      0,00 1860408  690244   8,59  java
09:37:19 PM  1000      1534      0,00      0,00 1860408  690244   8,59  java
09:37:20 PM  1000      1534      0,00      0,00 1860408  690244   8,59  java
09:37:21 PM  1000      1534      0,00      0,00 1860408  690244   8,59  java
09:37:22 PM  1000      1534      3,00      0,00 1860408  690244   8,59  java
09:37:23 PM  1000      1534      2,00      0,00 1860408  690244   8,59  java
09:37:24 PM  1000      1534      2,00      0,00 1860408  690392   8,59  java
09:37:25 PM  1000      1534      0,00      0,00 1860408  690392   8,59  java
09:37:26 PM  1000      1534      0,00      0,00 1860408  690392   8,59  java
09:37:27 PM  1000      1534      5,00      0,00 1860408  690392   8,59  java
09:37:28 PM  1000      1534      1,00      0,00 1860408  690392   8,59  java
09:37:29 PM  1000      1534      4,00      0,00 1860408  690392   8,59  java
09:37:30 PM  1000      1534      0,00      0,00 1860408  690392   8,59  java
09:37:31 PM  1000      1534      0,00      0,00 1860408  690392   8,59  java
Average:     1000      1534      1,13      0,00 1860408  690323   8,59  java
