Linux 5.4.0-42-generic (terumi-pc) 	10/15/2020 	_x86_64_	(8 CPU)

09:32:50 PM   UID       PID  minflt/s  majflt/s     VSZ     RSS   %MEM  Command
09:32:51 PM  1000      1534      0,00      0,00 1831624  687428   8,55  java
09:32:52 PM  1000      1534      3,00      0,00 1831624  687428   8,55  java
09:32:53 PM  1000      1534      0,00      0,00 1831624  687428   8,55  java
09:32:54 PM  1000      1534    490,00      0,00 1831624  687428   8,55  java
09:32:55 PM  1000      1534     14,00      0,00 1831624  687428   8,55  java
09:32:56 PM  1000      1534    168,00      0,00 1831624  687428   8,55  java
09:32:57 PM  1000      1534     14,00      0,00 1831624  687508   8,56  java
09:32:58 PM  1000      1534      0,00      0,00 1831624  687508   8,56  java
09:32:59 PM  1000      1534      4,00      0,00 1831624  687508   8,56  java
09:33:00 PM  1000      1534     15,00      0,00 1831624  687584   8,56  java
09:33:01 PM  1000      1534     56,00      0,00 1831624  687708   8,56  java
09:33:02 PM  1000      1534     43,00      0,00 1831624  687972   8,56  java
09:33:03 PM  1000      1534     42,00      0,00 1831624  688044   8,56  java
09:33:04 PM  1000      1534     42,00      0,00 1831624  688236   8,56  java
09:33:05 PM  1000      1534      0,00      0,00 1831624  688236   8,56  java
Average:     1000      1534     59,40      0,00 1831624  687658   8,56  java
