Linux 5.4.0-42-generic (terumi-pc) 	10/15/2020 	_x86_64_	(8 CPU)

09:38:37 PM   UID       PID  minflt/s  majflt/s     VSZ     RSS   %MEM  Command
09:38:38 PM  1000      1534      0,00      0,00 1832652  690096   8,59  java
09:38:39 PM  1000      1534      1,00      0,00 1832652  690096   8,59  java
09:38:40 PM  1000      1534    441,00      0,00 1832652  690096   8,59  java
09:38:41 PM  1000      1534     16,00      0,00 1832652  690096   8,59  java
09:38:42 PM  1000      1534    132,00      0,00 1832652  690584   8,59  java
09:38:43 PM  1000      1534      0,00      0,00 1832652  690584   8,59  java
09:38:44 PM  1000      1534      1,00      0,00 1832652  690584   8,59  java
09:38:45 PM  1000      1534    189,00      0,00 1832652  690584   8,59  java
09:38:46 PM  1000      1534    159,00      0,00 1834708  690584   8,59  java
09:38:47 PM  1000      1534      0,00      0,00 1834708  690584   8,59  java
09:38:48 PM  1000      1534      0,99      0,00 1834708  690584   8,59  java
09:38:49 PM  1000      1534      0,00      0,00 1834708  690584   8,59  java
09:38:50 PM  1000      1534      0,00      0,00 1834708  690584   8,59  java
09:38:51 PM  1000      1534      0,00      0,00 1834708  690584   8,59  java
09:38:52 PM  1000      1534      0,00      0,00 1834708  690584   8,59  java
Average:     1000      1534     62,62      0,00 1833611  690454   8,59  java
