Linux 5.4.0-42-generic (terumi-pc) 	10/15/2020 	_x86_64_	(8 CPU)

09:29:56 PM   UID       PID  minflt/s  majflt/s     VSZ     RSS   %MEM  Command
09:29:57 PM  1000      1534      0,00      0,00 1851156  685844   8,53  java
09:29:58 PM  1000      1534      0,00      0,00 1851156  685844   8,53  java
09:29:59 PM  1000      1534    198,00      0,00 1851156  685904   8,54  java
09:30:00 PM  1000      1534     28,00      0,00 1851156  685904   8,54  java
09:30:01 PM  1000      1534      6,00      0,00 1851156  685928   8,54  java
09:30:02 PM  1000      1534      1,00      0,00 1851156  685928   8,54  java
09:30:03 PM  1000      1534      6,00      0,00 1851156  686056   8,54  java
09:30:04 PM  1000      1534      9,00      0,00 1851156  686056   8,54  java
09:30:05 PM  1000      1534      3,00      0,00 1851156  686056   8,54  java
09:30:06 PM  1000      1534      2,00      0,00 1851156  686056   8,54  java
09:30:07 PM  1000      1534      6,00      0,00 1851156  686116   8,54  java
09:30:08 PM  1000      1534      5,00      0,00 1851156  686116   8,54  java
09:30:09 PM  1000      1534      4,00      0,00 1851156  686116   8,54  java
09:30:10 PM  1000      1534      0,00      0,00 1851156  686116   8,54  java
09:30:11 PM  1000      1534      0,00      0,00 1851156  686116   8,54  java
Average:     1000      1534     17,85      0,00 1851156  686010   8,54  java
