Linux 5.4.0-42-generic (terumi-pc) 	10/15/2020 	_x86_64_	(8 CPU)

08:59:19 PM   UID       PID    %usr %system  %guest   %wait    %CPU   CPU  Command
08:59:20 PM  1000      1538    0,00    0,00    0,00    0,00    0,00     5  java
08:59:21 PM  1000      1538    1,00    0,00    0,00    0,00    1,00     5  java
08:59:22 PM  1000      1538    0,00    1,00    0,00    0,00    1,00     5  java
08:59:23 PM  1000      1538   47,00    3,00    0,00    0,00   50,00     5  java
08:59:24 PM  1000      1538   58,00    3,00    0,00    0,00   61,00     5  java
08:59:25 PM  1000      1538   33,00    2,00    0,00    0,00   35,00     5  java
08:59:26 PM  1000      1538   28,00    2,00    0,00    0,00   30,00     5  java
08:59:27 PM  1000      1538   52,00    5,00    0,00    0,00   57,00     5  java
08:59:28 PM  1000      1538   51,00    6,00    0,00    0,00   57,00     5  java
08:59:29 PM  1000      1538   64,00    3,00    0,00    0,00   67,00     5  java
08:59:30 PM  1000      1538   52,00    3,00    0,00    0,00   55,00     5  java
08:59:31 PM  1000      1538   29,70    2,97    0,00    0,00   32,67     5  java
08:59:32 PM  1000      1538   24,00    1,00    0,00    0,00   25,00     5  java
08:59:33 PM  1000      1538   22,00    2,00    0,00    0,00   24,00     5  java
08:59:34 PM  1000      1538    0,00    0,00    0,00    0,00    0,00     5  java
Average:     1000      1538   30,78    2,27    0,00    0,00   33,04     -  java
