Linux 5.4.0-42-generic (terumi-pc) 	10/15/2020 	_x86_64_	(8 CPU)

09:13:03 PM   UID       PID    %usr %system  %guest   %wait    %CPU   CPU  Command
09:13:04 PM  1000      1538    0,00    0,00    0,00    0,00    0,00     5  java
09:13:05 PM  1000      1538    0,00    0,00    0,00    0,00    0,00     5  java
09:13:06 PM  1000      1538    4,95    0,99    0,00    0,00    5,94     5  java
09:13:07 PM  1000      1538    6,00    2,00    0,00    0,00    8,00     5  java
09:13:08 PM  1000      1538   21,00    2,00    0,00    0,00   23,00     5  java
09:13:09 PM  1000      1538   19,00    4,00    0,00    0,00   23,00     5  java
09:13:10 PM  1000      1538   15,00    2,00    0,00    0,00   17,00     5  java
09:13:11 PM  1000      1538   26,00    2,00    0,00    0,00   28,00     5  java
09:13:12 PM  1000      1538   27,00    2,00    0,00    0,00   29,00     5  java
09:13:13 PM  1000      1538   20,00    3,00    0,00    0,00   23,00     5  java
09:13:14 PM  1000      1538   32,00    3,00    0,00    0,00   35,00     5  java
09:13:15 PM  1000      1538   28,00    5,00    0,00    0,00   33,00     5  java
09:13:16 PM  1000      1538   18,00    3,00    0,00    0,00   21,00     5  java
09:13:17 PM  1000      1538    0,00    0,00    0,00    0,00    0,00     5  java
09:13:18 PM  1000      1538    1,00    0,00    0,00    0,00    1,00     5  java
Average:     1000      1538   14,52    1,93    0,00    0,00   16,46     -  java
