Linux 5.4.0-42-generic (terumi-pc) 	10/15/2020 	_x86_64_	(8 CPU)

08:58:18 PM   UID       PID    %usr %system  %guest   %wait    %CPU   CPU  Command
08:58:19 PM  1000      1538    0,00    0,00    0,00    0,00    0,00     5  java
08:58:20 PM  1000      1538    0,00    0,00    0,00    0,00    0,00     5  java
08:58:21 PM  1000      1538   39,00    2,00    0,00    0,00   41,00     5  java
08:58:22 PM  1000      1538   32,00    3,00    0,00    0,00   35,00     5  java
08:58:23 PM  1000      1538   63,00    3,00    0,00    0,00   66,00     5  java
08:58:24 PM  1000      1538   35,00    2,00    0,00    0,00   37,00     5  java
08:58:25 PM  1000      1538   41,00    2,00    0,00    0,00   43,00     5  java
08:58:26 PM  1000      1538   64,00    4,00    0,00    0,00   68,00     5  java
08:58:27 PM  1000      1538   63,00    2,00    0,00    0,00   65,00     5  java
08:58:28 PM  1000      1538  116,00    2,00    0,00    0,00  118,00     5  java
08:58:29 PM  1000      1538  114,00    4,00    0,00    0,00  118,00     5  java
08:58:30 PM  1000      1538   82,00    2,00    0,00    0,00   84,00     5  java
08:58:31 PM  1000      1538   11,00    0,00    0,00    0,00   11,00     5  java
08:58:32 PM  1000      1538    0,00    0,00    0,00    0,00    0,00     5  java
08:58:33 PM  1000      1538    1,00    0,00    0,00    0,00    1,00     5  java
Average:     1000      1538   44,07    1,73    0,00    0,00   45,80     -  java
