Linux 5.4.0-42-generic (terumi-pc) 	10/15/2020 	_x86_64_	(8 CPU)

09:12:03 PM   UID       PID    %usr %system  %guest   %wait    %CPU   CPU  Command
09:12:04 PM  1000      1538    0,00    0,00    0,00    0,00    0,00     5  java
09:12:05 PM  1000      1538    0,00    0,00    0,00    0,00    0,00     5  java
09:12:06 PM  1000      1538   14,00    1,00    0,00    0,00   15,00     5  java
09:12:07 PM  1000      1538   17,00    2,00    0,00    0,00   19,00     5  java
09:12:08 PM  1000      1538   17,00    1,00    0,00    0,00   18,00     5  java
09:12:09 PM  1000      1538   19,00    3,00    0,00    0,00   22,00     5  java
09:12:10 PM  1000      1538   28,00    3,00    0,00    0,00   31,00     5  java
09:12:11 PM  1000      1538   61,00    6,00    0,00    0,00   67,00     5  java
09:12:12 PM  1000      1538   33,00    4,00    0,00    0,00   37,00     5  java
09:12:13 PM  1000      1538   24,00    3,00    0,00    0,00   27,00     5  java
09:12:14 PM  1000      1538   31,00    3,00    0,00    0,00   34,00     5  java
09:12:15 PM  1000      1538   31,00    5,00    0,00    0,00   36,00     5  java
09:12:16 PM  1000      1538   18,00    3,00    0,00    0,00   21,00     5  java
09:12:17 PM  1000      1538    0,00    0,00    0,00    0,00    0,00     5  java
09:12:18 PM  1000      1538    0,00    1,00    0,00    0,00    1,00     5  java
Average:     1000      1538   19,53    2,33    0,00    0,00   21,87     -  java
