Linux 5.4.0-42-generic (terumi-pc) 	10/15/2020 	_x86_64_	(8 CPU)

09:07:15 PM   UID       PID    %usr %system  %guest   %wait    %CPU   CPU  Command
09:07:16 PM  1000      1538    0,00    0,00    0,00    0,00    0,00     5  java
09:07:17 PM  1000      1538    0,00    0,00    0,00    0,00    0,00     5  java
09:07:18 PM  1000      1538    1,00    0,00    0,00    0,00    1,00     5  java
09:07:19 PM  1000      1538   37,00    0,00    0,00    0,00   37,00     5  java
09:07:20 PM  1000      1538   48,00    2,00    0,00    0,00   50,00     5  java
09:07:21 PM  1000      1538   65,00    2,00    0,00    0,00   67,00     5  java
09:07:22 PM  1000      1538   67,00    2,00    0,00    0,00   69,00     5  java
09:07:23 PM  1000      1538   38,00    2,00    0,00    0,00   40,00     5  java
09:07:24 PM  1000      1538   31,00    5,00    0,00    0,00   36,00     5  java
09:07:25 PM  1000      1538   19,00    0,00    0,00    0,00   19,00     5  java
09:07:26 PM  1000      1538   60,00    1,00    0,00    0,00   61,00     5  java
09:07:27 PM  1000      1538   98,00    2,00    0,00    0,00  100,00     5  java
09:07:28 PM  1000      1538   43,00    0,00    0,00    0,00   43,00     5  java
09:07:29 PM  1000      1538    0,00    1,00    0,00    0,00    1,00     5  java
09:07:30 PM  1000      1538    0,00    0,00    0,00    0,00    0,00     5  java
Average:     1000      1538   33,80    1,13    0,00    0,00   34,93     -  java
