Linux 5.4.0-42-generic (terumi-pc) 	10/15/2020 	_x86_64_	(8 CPU)

09:05:34 PM   UID       PID    %usr %system  %guest   %wait    %CPU   CPU  Command
09:05:35 PM  1000      1538    0,00    0,00    0,00    0,00    0,00     5  java
09:05:36 PM  1000      1538    0,00    0,00    0,00    0,00    0,00     5  java
09:05:37 PM  1000      1538    1,00    0,00    0,00    0,00    1,00     5  java
09:05:38 PM  1000      1538   30,00    5,00    0,00    0,00   35,00     5  java
09:05:39 PM  1000      1538   56,00    3,00    0,00    0,00   59,00     5  java
09:05:40 PM  1000      1538   84,00    3,00    0,00    0,00   87,00     5  java
09:05:41 PM  1000      1538   69,31    0,99    0,00    0,00   70,30     5  java
09:05:42 PM  1000      1538   81,00    3,00    0,00    0,00   84,00     5  java
09:05:43 PM  1000      1538  162,00    4,00    0,00    0,00  166,00     5  java
09:05:44 PM  1000      1538  130,00    1,00    0,00    0,00  131,00     5  java
09:05:45 PM  1000      1538  118,00    1,00    0,00    0,00  119,00     5  java
09:05:46 PM  1000      1538   44,00    2,00    0,00    0,00   46,00     5  java
09:05:47 PM  1000      1538   25,00    2,00    0,00    0,00   27,00     5  java
09:05:48 PM  1000      1538    0,00    0,00    0,00    0,00    0,00     5  java
09:05:49 PM  1000      1538    0,00    0,00    0,00    0,00    0,00     5  java
Average:     1000      1538   53,36    1,67    0,00    0,00   55,03     -  java
