Linux 5.4.0-42-generic (terumi-pc) 	10/15/2020 	_x86_64_	(8 CPU)

09:10:13 PM   UID       PID    %usr %system  %guest   %wait    %CPU   CPU  Command
09:10:14 PM  1000      1538    0,00    1,00    0,00    0,00    1,00     5  java
09:10:15 PM  1000      1538    0,00    0,00    0,00    0,00    0,00     5  java
09:10:16 PM  1000      1538   14,00    2,00    0,00    0,00   16,00     5  java
09:10:17 PM  1000      1538   27,00    2,00    0,00    0,00   29,00     5  java
09:10:18 PM  1000      1538   19,00    0,00    0,00    0,00   19,00     5  java
09:10:19 PM  1000      1538   15,00    1,00    0,00    0,00   16,00     5  java
09:10:20 PM  1000      1538   19,00    2,00    0,00    0,00   21,00     5  java
09:10:21 PM  1000      1538   51,00    2,00    0,00    0,00   53,00     5  java
09:10:22 PM  1000      1538   22,00    2,00    0,00    0,00   24,00     5  java
09:10:23 PM  1000      1538   75,00    0,00    0,00    0,00   75,00     5  java
09:10:24 PM  1000      1538   53,00    3,00    0,00    0,00   56,00     5  java
09:10:25 PM  1000      1538   20,00    2,00    0,00    0,00   22,00     5  java
09:10:26 PM  1000      1538    1,00    0,00    0,00    0,00    1,00     5  java
09:10:27 PM  1000      1538    0,00    0,00    0,00    0,00    0,00     5  java
09:10:28 PM  1000      1538    0,00    0,00    0,00    0,00    0,00     5  java
Average:     1000      1538   21,07    1,13    0,00    0,00   22,20     -  java
