Linux 5.4.0-42-generic (terumi-pc) 	10/15/2020 	_x86_64_	(8 CPU)

09:06:25 PM   UID       PID    %usr %system  %guest   %wait    %CPU   CPU  Command
09:06:26 PM  1000      1538    0,00    0,00    0,00    0,00    0,00     5  java
09:06:27 PM  1000      1538    0,00    0,00    0,00    0,00    0,00     5  java
09:06:28 PM  1000      1538   13,00    1,00    0,00    0,00   14,00     5  java
09:06:29 PM  1000      1538   11,00    2,00    0,00    0,00   13,00     5  java
09:06:30 PM  1000      1538   21,00    2,00    0,00    0,00   23,00     5  java
09:06:31 PM  1000      1538   23,00    1,00    0,00    0,00   24,00     5  java
09:06:32 PM  1000      1538   14,00    2,00    0,00    0,00   16,00     5  java
09:06:33 PM  1000      1538   50,00    4,00    0,00    0,00   54,00     5  java
09:06:34 PM  1000      1538   33,66    2,97    0,00    0,00   36,63     5  java
09:06:35 PM  1000      1538   27,00    1,00    0,00    0,00   28,00     5  java
09:06:36 PM  1000      1538   27,00    1,00    0,00    0,00   28,00     5  java
09:06:37 PM  1000      1538   44,00    1,00    0,00    0,00   45,00     5  java
09:06:38 PM  1000      1538   58,00    1,00    0,00    0,00   59,00     5  java
09:06:39 PM  1000      1538    0,00    0,00    0,00    0,00    0,00     5  java
09:06:40 PM  1000      1538    0,00    0,00    0,00    0,00    0,00     5  java
Average:     1000      1538   21,45    1,27    0,00    0,00   22,72     -  java
