Linux 5.4.0-42-generic (terumi-pc) 	10/15/2020 	_x86_64_	(8 CPU)

09:04:24 PM   UID       PID    %usr %system  %guest   %wait    %CPU   CPU  Command
09:04:25 PM  1000      1538    0,00    0,00    0,00    0,00    0,00     5  java
09:04:26 PM  1000      1538    0,00    0,00    0,00    0,00    0,00     5  java
09:04:27 PM  1000      1538    2,00    1,00    0,00    0,00    3,00     5  java
09:04:28 PM  1000      1538   27,00    2,00    0,00    0,00   29,00     5  java
09:04:29 PM  1000      1538   61,00    2,00    0,00    0,00   63,00     5  java
09:04:30 PM  1000      1538   29,00    1,00    0,00    0,00   30,00     5  java
09:04:31 PM  1000      1538   20,00    2,00    0,00    0,00   22,00     5  java
09:04:32 PM  1000      1538   28,00    2,00    0,00    0,00   30,00     5  java
09:04:33 PM  1000      1538   31,00    2,00    0,00    0,00   33,00     5  java
09:04:34 PM  1000      1538   31,00    3,00    0,00    0,00   34,00     5  java
09:04:35 PM  1000      1538   59,00    4,00    0,00    0,00   63,00     5  java
09:04:36 PM  1000      1538   56,00    1,00    0,00    0,00   57,00     5  java
09:04:37 PM  1000      1538   33,00    2,00    0,00    0,00   35,00     5  java
09:04:38 PM  1000      1538    0,00    0,00    0,00    0,00    0,00     5  java
09:04:39 PM  1000      1538    1,00    0,00    0,00    0,00    1,00     5  java
Average:     1000      1538   25,20    1,47    0,00    0,00   26,67     -  java
